-0.0030936038
-0.015749434
-0.019787239
-0.0012548629
-0.021870036
-0.03319564
-0.030635344
-0.030324347
-0.02334955
-0.02795885
-0.018650502
-0.03586042
-0.049724665
-0.056169663
-0.051639378
-0.059222303
-0.077545784
-0.054674413
-0.036436267
-0.014342811
-0.026463736
-0.017866015
-0.017357105
-0.02659135
-0.04755494
-0.030009393
-0.020375801
-0.02303902
-0.012131943
-0.017270526
-0.028276643
-0.042702045
-0.044548884
-0.046425655
-0.04704822
-0.06651844
-0.047683317
-0.064168654
-0.06687835
-0.07999283
-0.06516358
-0.06888597
-0.0559462
-0.067853704
-0.05589198
-0.05461056
-0.034155183
-0.032397576
-0.04384379
-0.022525333
-0.0029206083
-0.01891618
-0.019638604
-0.012907786
-0.033761285
-0.046752784
-0.06607155
-0.061751913
-0.07980402
-0.06818839
-0.0876339
-0.09757575
-0.08185319
-0.098665275
-0.08808768
-0.08553144
-0.066352665
-0.062125172
-0.08026847
-0.05720459
-0.05803145
-0.061719045
-0.039854668
-0.0592749
-0.0459161
-0.064368635
-0.06988889
-0.055996284
-0.034059376
-0.049919143
-0.04839846
-0.03861768
-0.027560513
-0.03431763
-0.03543476
-0.02000985
-0.009695303
0.003393295
-0.0031522196
-0.018271944
-0.026960952
-0.013893634
-0.009180123
-0.012811566
0.00886798
0.02681111
0.038967326
0.044875365
0.06131933
0.070096426
0.07226713
0.08299661
0.08881545
0.067334406
0.08258017
0.07127053
0.08183874
0.08951723
0.08828002
0.082868084
0.0993373
0.098977335
0.09793906
0.10862838
0.11351332
0.09799817
0.07634983
0.07618038
0.089479424
0.102835394
0.099847555
0.09496767
0.075232014
0.08092699
0.06426258
0.043644395
0.03261418
0.046439093
0.0334356
0.017298974
0.0148701435
0.006191664
0.017899184
0.01814946
0.007872609
0.0017213714
0.004328078
-0.01307572
-0.009497249
-0.0050341627
-0.01427822
-0.0010149124
0.00086531433
-0.018765366
-0.0129046505
0.0065299417
0.0030849932
0.0076030972
-0.011654814
-0.010314639
-0.0003590845
0.012018766
0.011680093
0.009521688
-0.001747248
-0.016554773
-0.012589697
0.0075360998
0.00763021
-0.008463457
-0.019448621
-0.008837989
-0.0028841763
-0.007466821
-0.014907788
-0.03419246
-0.033528175
-0.016829789
-0.014773816
-0.025139704
-0.012966656
-0.033877004
-0.029046562
-0.0437109
-0.04655247
-0.028466642
-0.041066505
-0.019263126
-0.0020684607
-0.014290697
-0.018086629
-0.013771333
0.006410591
0.0060512237
0.022597259
0.031676892
0.016388714
0.030894589
0.0187767
0.025259601
0.03626762
0.01870016
0.020390537
0.019388126
-0.0018286519
-0.018472107
-0.030097311
-0.047071926
-0.034617823
-0.01358524
-0.020689258
-0.033136092
-0.013278992
-0.012024422
-0.020710004
-0.034741458
-0.014623081
-0.020995744
-0.0067477254
-0.01957941
-0.02511548
-0.013361994
-0.03324549
-0.04192254
-0.02950287
-0.027930338
-0.025209825
-0.04580131
-0.024690516
-0.04331599
-0.04689387
-0.045669556
-0.028244205
-0.009399326
-0.022009626
-0.03844349
-0.024985936
-0.045445938
-0.053513072
-0.03228834
-0.02898168
-0.026501978
-0.043388363
-0.034425773
-0.041279104
-0.04406157
-0.049356937
-0.034986813
-0.04123843
-0.056486335
-0.05527413
-0.06729154
-0.06492191
-0.045736395
-0.03383774
-0.016969377
-0.031567518
-0.01981595
-0.017155573
-0.0142038055
-0.015399651
-0.013251764
-0.025910428
-0.02603266
-0.01758792
-0.038422216
-0.030152215
-0.011515537
-0.02580064
-0.0069719097
-0.01289303
-0.023010971
-0.01130276
-0.020807875
-0.00009080487
-0.004274454
0.011832469
0.021453174
0.00996516
0.030346857
0.027292049
0.036859088
0.023307737
0.021853229
0.019007983
0.03302223
0.011074779
0.0121521745
-0.007768631
-0.019909162
0.0017769169
0.018856766
0.004246227
-0.011017166
-0.02791519
-0.0382212
-0.04449957
-0.03743611
-0.0200583
-0.015043596
-0.009547624
0.011121799
0.032404765
0.015325388
0.0037631954
0.0061021573
0.022246178
0.025917351
0.046927035
0.031628624
0.04070555
0.03208924
0.020302955
-0.00042388326
-0.01108428
0.010516064
0.024912987
0.027186448
0.010540887
-0.010135678
-0.011634751
-0.019583575
-0.019415949
-0.034898527
-0.013469611
-0.022778276
-0.03714862
-0.019087592
-0.0019316347
0.0012432815
0.011896621
0.016217984
0.02620202
0.026719231
0.042530674
0.029310718
0.019456789
-0.0014297493
0.00902558
-0.0076020737
-0.014872644
-0.011020324
0.01073034
-0.009353353
-0.01348838
-0.025902765
-0.007533646
-0.0012862127
-0.01026067
-0.0015248418
0.0047742645
0.017669002
0.021340627
0.0322045
0.05235476
0.05391
0.05073508
0.065048546
0.05817245
0.064508624
0.073145516
0.084430486
0.100456655
0.09202472
0.082000025
0.062263127
0.04567415
0.035655517
0.02170836
0.0009538197
0.021879537
0.03762986
0.031362563
0.047064353
0.04485473
0.04442086
0.050840445
0.057272583
0.039828114
0.044884067
0.059570834
0.05548228
0.073879905
0.07044615
0.08968352
0.07558747
0.08578106
0.08672178
0.09818589
0.08406795
0.085346624
0.08031698
0.09866526
0.078092776
0.079458274
0.073539056
0.081160516
0.08794467
0.09241721
0.06945613
0.060831256
0.04286519
0.038580906
0.046843514
0.046184693
0.031405922
0.04470979
0.04863527
0.062882245
0.04507276
0.044932146
0.06258648
0.06562683
0.05568542
0.06329871
0.05867044
0.03692154
0.036149085
0.019714132
0.02541613
0.03567742
0.023276826
0.01884793
0.032120615
0.019557694
0.015112079
-0.00093407586
-0.0023936345
0.006965067
-0.0013036183
0.010188756
0.0065136557
0.023901014
0.015768649
0.016891673
0.02576184
0.0049051745
-0.00064044853
-0.0022662214
-0.0021484199
0.018299635
0.005153176
-0.011907986
-0.0029920049
-0.0020733657
-0.009630787
-0.029670646
-0.035532944
-0.05203685
-0.029523036
-0.02632288
-0.017495586
-0.019770779
-0.026858501
-0.015347159
-0.023690447
-0.04036597
-0.033964656
-0.049058907
-0.05378555
-0.0332643
-0.04562629
-0.027896248
-0.046121065
-0.035645254
-0.019218765
-0.00045540836
-0.000141691
-0.020807514
-0.016386826
-0.016679458
-0.01248485
-0.0037146613
-0.00016091399
-0.0077359183
-0.00752576
-0.026472114
-0.010688148
-0.010376599
-0.024892513
-0.003963337
0.0057253777
0.020329736
0.008765089
-0.01097364
-0.014296883
-0.027643584
-0.044533085
-0.028390007
-0.010761085
0.0051690205
-0.012296417
-0.0045990413
-0.011930973
-0.027704433
-0.01955584
-0.007129081
-0.02306628
-0.014988003
-0.025024883
-0.0037291665
-0.001873518
-0.009492026
-0.0032549116
0.010866266
0.029089076
0.035040613
0.045460623
0.06498437
0.064290784
0.053696826
0.039882533
0.041460384
0.019667452
0.004918187
0.010689644
0.0035681287
-0.004307677
-0.025137383
-0.03895112
-0.048634753
-0.051334612
-0.04379749
-0.02416873
-0.025329554
-0.039868608
-0.037262376
-0.026622714
-0.00818351
-0.0006372195
0.013256252
0.025231808
0.022940286
0.034917116
0.048065796
0.06861001
0.08248633
0.091031216
0.098706946
0.10580524
0.10141148
0.10026577
0.118644394
0.09760628
0.11356738
0.0954706
0.107657686
0.11300241
0.09302668
0.07544883
0.09463882
0.10472747
0.09377811
0.08397653
0.1007183
0.10475596
0.10305681
0.094707176
0.11022554
0.096058935
0.07340088
0.055211958
0.07131025
0.074433625
0.09022158
0.10924808
0.10779477
0.11959171
0.13763557
0.13341123
0.13824926
0.15313439
0.16327244
0.15804508
0.15342501
0.14410523
0.16058108
0.17469643
0.1831607
0.18822049
0.20061973
0.19892241
0.1821567
0.18002681
0.18352035
0.19711001
0.17968874
0.18800117
0.18789056
0.1911442
0.18698102
0.1982042
0.20829937
0.18716899
0.16519861
0.16013396
0.14363962
0.15981536
0.14352976
0.15712202
0.14816026
0.14139687
0.15256885
0.1307514
0.1413266
0.11963092
0.09985592
0.10091495
0.10007032
0.08176595
0.084826924
0.10193349
0.08644599
0.071441785
0.08290465
0.0879202
0.10165681
0.07996565
0.09838272
0.082417786
0.0958489
0.1091101
0.12405971
0.13343142
0.11006563
0.12850383
0.13378128
0.1460063
0.13714828
0.13970678
0.13258857
0.11364994
0.09640722
0.09553793
0.10391687
0.09783454
0.078712836
0.06734332
0.08362795
0.06530945
0.06963314
0.071230896
0.0566592
0.0760993
0.08592789
0.06743483
0.07800842
0.059093125
0.042694643
0.037104607
0.029928885
0.02529095
0.024039214
0.034779374
0.03644143
0.051627643
0.031251322
0.03364718
0.04665997
0.056081537
0.07184582
0.073729746
0.05614338
0.075561605
0.091418155
0.109627165
0.1266818
0.117683835
0.10469465
0.08359448
0.071410775
0.064794265
0.06656522
0.07837718
0.08762057
0.106396295
0.12539732
0.1311407
0.13894029
0.1505276
0.14513254
0.12864488
0.14622661
0.15227965
0.16074948
0.16077851
0.15894985
0.15405475
0.14090163
0.121534355
0.11158783
0.13077158
0.11246548
0.11689559
0.12553468
0.10580414
0.121015936
0.104785964
0.08499689
0.09571517
0.095768176
0.102960795
0.11724744
0.11171677
0.12928253
0.13172902
0.11049207
0.099217765
0.080709666
0.08573127
0.08787306
0.08325145
0.06475344
0.057002373
0.06564032
0.08520774
0.104932345
0.124157265
0.1252871
0.11238735
0.113285184
0.12968695
0.14168027
0.13894083
0.1562483
0.16888666
0.15350886
0.15512279
0.14430963
0.12791057
0.124878995
0.118715964
0.09490531
0.107115336
0.09758371
0.09512101
0.10369683
0.10507247
0.11491945
0.094993316
0.10895682
0.11232105
0.113232896
0.12410292
0.13357845
0.14350304
0.14690466
0.14326508
0.13980277
0.1449333
0.12945405
0.10707861
0.0870691
0.10078028
0.08924866
0.09347671
0.07316178
0.05268945
0.05979375
0.06014672
0.07965381
0.07907688
0.061383706
0.044727348
0.023759792
0.011116298
0.01645543
0.030990483
0.023611302
0.009282502
0.024652176
0.036599386
0.047156952
0.045950484
0.06473339
0.075187996
0.07839756
0.070384465
0.06360618
0.08151575
0.09286952
0.10290381
0.11421958
0.09333661
0.10018495
0.09138014
0.08617354
0.07161803
0.0819169
0.09117461
0.08006709
0.06998817
0.08209743
0.068304665
0.07333168
0.07972804
0.07224989
0.05326358
0.03162609
0.0401672
0.04871149
0.054406885
0.039792005
0.025293142
0.012558645
0.013040138
0.021062056
0.0057538026
0.0072785215
-0.005070541
-0.016230643
-0.027989637
-0.011652589
0.005766565
0.0053098933
-0.005351562
0.0057468596
0.00065370667
-0.0057651666
0.0147760715
0.018307878
0.024420278
0.025683446
0.028139215
0.0075891875
-0.008610575
-0.02724443
-0.016616166
-0.027094537
-0.011117255
-0.025813732
-0.031453263
-0.03499808
-0.04405527
-0.053749166
-0.072142765
-0.06680954
-0.06488173
-0.07852843
-0.05908269
-0.052035466
-0.041774586
-0.056183886
-0.0502754
-0.06737542
-0.066859834
-0.07250575
-0.06931063
-0.05905913
-0.0770715
-0.09610813
-0.07477063
-0.09275561
-0.07110244
-0.069607995
-0.064008206
-0.050899554
-0.053379394
-0.04127996
-0.032889858
-0.027049722
-0.045542654
-0.063748226
-0.054889243
-0.056393348
-0.050521407
-0.038645897
-0.050114997
-0.06371901
-0.060345553
-0.038457803
-0.021683669
-0.02523389
-0.02750032
-0.023757916
-0.040225867
-0.059575748
-0.06943661
-0.08860241
-0.09222879
-0.11162423
-0.1170471
-0.099105425
-0.09961813
-0.11815721
-0.13440119
-0.12170759
-0.13300706
-0.13625483
-0.12147186
-0.0981277
-0.11597032
-0.11500317
-0.13022582
-0.12955011
-0.11987859
-0.11081281
-0.11926453
-0.1242455
-0.1389821
-0.14444847
-0.13906567
-0.15075536
-0.14759237
-0.13577564
-0.11218966
-0.10758775
-0.10539481
-0.11998693
-0.10768719
-0.112852424
-0.11209637
-0.099541724
-0.09614867
-0.10982584
-0.091916606
-0.105790175
-0.10793661
-0.09082058
-0.10895583
-0.12449393
-0.13425809
-0.14431305
-0.1213932
-0.11785193
-0.096161455
-0.09443741
-0.084638566
-0.07901143
-0.066441104
-0.05997227
-0.07024077
-0.066402495
-0.056934282
-0.06470643
-0.06539798
-0.08497278
-0.103370234
-0.11063262
-0.11760082
-0.13536727
-0.13179286
-0.11011083
-0.106715925
-0.117041655
-0.10718614
-0.09441977
-0.07401823
-0.09338481
-0.08011475
-0.084193185
-0.09906586
-0.0948441
-0.11174412
-0.11872198
-0.10009089
-0.10452775
-0.0871249
-0.08629726
-0.06850677
-0.071165346
-0.057164222
-0.075240836
-0.058632746
-0.05224217
-0.070778005
-0.08343614
-0.0972979
-0.10714681
-0.1023817
-0.09359421
-0.10302572
-0.10888337
-0.08595207
-0.091818504
-0.07557693
-0.08610421
-0.07628354
-0.0758249
-0.0631818
-0.06782901
-0.073001534
-0.06770835
-0.055838034
-0.062105484
-0.06786614
-0.048662253
-0.029343933
-0.037746128
-0.0271367
-0.037834596
-0.017192839
-0.0041582664
-0.0060844175
-0.018352281
-0.022618094
-0.0052518477
-0.021970548
-0.020793883
-0.0020691096
-0.013572628
-0.010454878
-0.02165938
-0.03503284
-0.040168136
-0.05521599
-0.03379319
-0.047113188
-0.027297556
-0.013879276
-0.010599725
0.0013500889
0.006524277
0.007696221
0.007899654
0.018559458
0.029923772
0.020238904
0.034769695
0.055171225
0.035103254
0.043852184
0.055385638
0.071895584
0.084061466
0.103662975
0.11493141
0.10299036
0.121445894
0.10766314
0.09350383
0.10488976
0.11772851
0.1026983
0.08956952
0.09070243
0.08083696
0.09067167
0.09309047
0.086706154
0.10023542
0.09614845
0.09922408
0.08031291
0.088420786
0.09343502
0.11115474
0.09000826
0.083982095
0.06622347
0.07373359
0.06607561
0.04984916
0.0630673
0.042750485
0.039933812
0.035152715
0.028258039
0.047210656
0.05307913
0.05409636
0.040801443
0.031809222
0.015784025
0.0071310173
0.011498619
0.007757359
0.0043178503
0.020933421
0.04011108
0.049669217
0.045960255
0.0494109
0.06875188
0.063373335
0.083002925
0.09943576
0.10413845
0.112852335
0.13135715
0.1373839
0.11387759
0.12831731
0.12464217
0.10887018
0.09564751
0.0753629
0.087228
0.09337929
0.097097695
0.081279434
0.07881154
0.090844676
0.09520746
0.09945015
0.113574184
0.11236932
0.11389913
0.10153177
0.08240997
0.09247734
0.07568414
0.082721405
0.07113622
0.061445925
0.06729556
0.08684439
0.10211655
0.08517337
0.08013278
0.09376863
0.10551112
0.111699745
0.10455764
0.10276484
0.09834797
0.081639506
0.06484262
0.05621718
0.07634555
0.088720754
0.09378695
0.08975463
0.08492695
0.10238159
0.088525034
0.105573244
0.08258511
0.08104065
0.07712178
0.059924394
0.039604437
0.038103115
0.04288121
0.023066143
0.036858443
0.048702743
0.062004063
0.04062607
0.024342656
0.030614076
0.03009378
0.032286286
0.028858295
0.03753786
0.023001239
0.008924504
0.014551887
0.030711181
0.009083701
-0.006309044
-0.009743116
-0.021630643
-0.04051654
-0.024154132
-0.008017345
-0.0049608024
0.0023305037
-0.016710928
-0.01836027
-0.010169564
-0.02083773
-0.027899696
-0.029544402
-0.010256716
-0.026773365
-0.021163978
-0.026986182
-0.04199212
-0.05160744
-0.070266165
-0.06341317
-0.051454674
-0.029439943
-0.03281458
-0.019285504
-0.022831628
-0.028223466
-0.011830132
-0.02349039
-0.017384363
-0.03269687
-0.04495041
-0.06040038
-0.06811947
-0.08713031
-0.09085126
-0.08831205
-0.0694272
-0.05908368
-0.061378203
-0.06463139
-0.068516426
-0.08032561
-0.0927548
-0.108983435
-0.09469002
-0.074194
-0.068247564
-0.07989603
-0.08477459
-0.09798402
-0.08344078
-0.09602696
-0.07856483
-0.065942705
-0.06532792
-0.06318227
-0.059928264
-0.07403449
-0.06599461
-0.07921369
-0.061594214
-0.07171045
-0.09102255
-0.10250311
-0.089919224
-0.07449466
-0.06443249
-0.054099943
-0.040856156
-0.019490918
-0.01753211
0.00029077445
0.0010598521
-0.01600035
0.0017862897
0.020570744
0.01979366
0.028062252
0.019212103
0.034329347
0.03906028
0.055388276
0.05993441
0.052272655
0.06848134
0.047292434
0.043476578
0.055944618
0.057478465
0.041126702
0.04912329
0.029427165
0.04242302
0.042166423
0.039533507
0.027618444
0.03116515
0.028424827
0.037854157
0.054531783
0.06039718
0.07436498
0.051881153
0.059323452
0.06326496
0.06870881
0.05881326
0.04471574
0.029267253
0.022380969
0.01833151
0.025141228
0.03790789
0.024007944
0.04047709
0.031948414
0.034322005
0.04819632
0.05903277
0.03756567
0.030150384
0.017795173
0.011073901
-0.009957636
0.004635032
-0.007576737
-0.009636088
0.009228838
-0.0063052527
-0.016552977
0.0038927558
-0.0017388249
0.013340909
0.02048868
0.028951325
0.034628052
0.039534524
0.021975338
0.030098604
0.01776829
0.004283504
-0.013880114
0.005440921
0.023826215
0.03179783
0.028154105
0.012670281
0.014711198
-0.006096776
-0.012673178
-0.0046882224
0.008624869
0.017931877
0.015139821
0.002837533
0.019569263
0.037280936
0.015551717
0.03362903
0.034992166
0.034538466
0.03243732
0.014314274
0.0037314936
0.021614075
-0.00035065482
-0.00057129795
-0.005846264
0.0055417474
0.019704808
0.029285373
0.045108266
0.04553623
0.056923874
0.052604955
0.053343743
0.06751258
0.058317535
0.036918603
0.043590877
0.058683686
0.044408165
0.048289653
0.06828726
0.06727543
0.08294241
0.07287975
0.08007452
0.07587941
0.05691766
0.047343157
0.054592106
0.033568755
0.023509776
0.0044749253
-0.010696804
-0.018194003
-0.017984057
-0.022137927
-0.015803618
-0.0018428507
0.012036223
0.0255396
0.009883549
-0.0004717223
-0.008057648
-0.014988627
-0.030997943
-0.044450387
-0.026215402
-0.040406384
-0.03414257
-0.049639203
-0.0532373
-0.043854557
-0.054761786
-0.058555968
-0.046178278
-0.03397298
-0.037918538
-0.05399536
-0.04467258
-0.041812785
-0.055905208
-0.07110212
-0.08855781
-0.06940216
-0.080577336
-0.094188556
-0.07342419
-0.056462348
-0.06022833
-0.042477988
-0.025154602
-0.040357504
-0.05471349
-0.07477635
-0.0795263
-0.079408444
-0.08275489
-0.095544726
-0.11313008
-0.132442
-0.108341545
-0.09064089
-0.0812598
-0.062331535
-0.079746716
-0.058501653
-0.048103258
-0.06421916
-0.075537905
-0.08380645
-0.080210395
-0.09249012
-0.077502824
-0.08690388
-0.095578074
-0.08247197
-0.08782372
-0.070610546
-0.07587604
-0.055665582
-0.036083825
-0.016702732
-0.027849985
-0.038070522
-0.054795053
-0.07124998
-0.074499674
-0.08940005
-0.08422899
-0.08305459
-0.071382664
-0.07339099
-0.07019213
-0.08968704
-0.08213546
-0.07000981
-0.08524105
-0.09518229
-0.09303988
-0.091174014
-0.09615466
-0.07336908
-0.08778258
-0.09529641
-0.092282124
-0.084549025
-0.091191225
-0.078068994
-0.097660355
-0.084051974
-0.10114659
-0.07916041
-0.064099334
-0.048117284
-0.043827884
-0.02681021
-0.046909146
-0.036231216
-0.04449627
-0.044975523
-0.048548754
-0.045854945
-0.055351786
-0.041710045
-0.06062967
-0.06613761
-0.0433498
-0.0364203
-0.028703619
-0.024665687
-0.030895965
-0.009117186
0.008802822
0.0223122
0.042232025
0.046005864
0.038547985
0.04239617
0.051484745
0.06709381
0.06108302
0.06312556
0.083193526
0.079980984
0.058238417
0.06735091
0.07302311
0.06987061
0.063857876
0.046767272
0.0434032
0.06351366
0.056474533
0.06671398
0.0829075
0.09196448
0.08707984
0.08800727
0.105032645
0.09052788
0.105662584
0.08505716
0.085591435
0.06273812
0.050641645
0.037820395
0.041618098
0.025017332
0.010131404
0.021812215
0.02062799
0.031828627
0.033140335
0.04325506
0.05547239
0.060680047
0.06703455
0.083062306
0.10087757
0.09204482
0.078860566
0.085710645
0.08793313
0.09148591
0.07528353
0.052954163
0.054674562
0.044344217
0.03700505
0.030651052
0.011466179
0.010497757
0.0075036893
0.024604425
0.01304214
-0.007403137
-0.023970123
-0.04154205
-0.05151846
-0.066130616
-0.047614776
-0.050176747
-0.03114813
-0.0440172
-0.04729787
-0.043472845
-0.05068119
-0.061636254
-0.06591316
-0.07230246
-0.06109897
-0.04407539
-0.05207787
-0.06459852
-0.078282446
-0.06327886
-0.08068929
-0.07197506
-0.06568841
-0.06365765
-0.06578627
-0.084560476
-0.077203155
-0.061623827
-0.050585233
-0.065529175
-0.07814819
-0.071304835
-0.059255965
-0.058991574
-0.049273048
-0.03541238
-0.05488667
-0.05786651
-0.050372384
-0.02873024
-0.036958538
-0.044188358
-0.057703648
-0.073456615
-0.0848113
-0.09699206
-0.09156769
-0.109988116
-0.094105974
-0.1032849
-0.11481852
-0.11772959
-0.106303036
-0.09601565
-0.077778466
-0.0674476
-0.05504272
-0.06518221
-0.080260105
-0.059833545
-0.04930971
-0.029653875
-0.013724647
-0.03353691
-0.013665402
-0.014514411
-0.016261838
-0.025476499
-0.032995865
-0.02994328
-0.029017026
-0.027050069
-0.044552866
-0.044021916
-0.022655314
-0.016511833
-0.0075022415
-0.011572004
-0.030826097
-0.04317373
-0.03408423
-0.04211558
-0.040997885
-0.060935706
-0.044288028
-0.022885116
-0.04048867
-0.034353163
-0.04002592
-0.021163763
-0.025384868
-0.044673756
-0.059276033
-0.058772553
-0.044065
-0.030008828
-0.0107482895
-0.021540696
-0.039815564
-0.026642354
-0.011764225
-0.016174972
0.0027449024
-0.014521891
0.0012675449
-0.012232446
-0.024459796
-0.0054606516
-0.003635358
0.010689178
0.017276691
0.027688766
0.042080592
0.03552224
0.04761835
0.047900498
0.06562443
0.08067001
0.098353066
0.11261023
0.099898905
0.09870333
0.11316397
0.13001592
0.13408256
0.14555211
0.16393927
0.16667402
0.15099081
0.14938022
0.15136819
0.1446368
0.15282302
0.13014725
0.14209886
0.12375764
0.10943446
0.08839912
0.09968953
0.09819106
0.10818692
0.097757265
0.11691389
0.13459419
0.13937008
0.12502956
0.1278588
0.12365952
0.121770024
0.1268829
0.12378639
0.10086659
0.10817847
0.12713547
0.13451956
0.14654884
0.14226787
0.1459366
0.155896
0.13950786
0.12539198
0.13640465
0.13366678
0.115595676
0.114323266
0.12395318
0.10098392
0.095882975
0.086839415
0.086537786
0.06786361
0.0858456
0.095725514
0.09054774
0.08403713
0.07842011
0.07872211
0.07696844
0.060078356
0.041699395
0.059990253
0.048697345
0.044413928
0.036312267
0.03847559
0.053708494
0.06345431
0.043111414
0.05730919
0.07197351
0.082479425
0.08187033
0.09829859
0.11382087
0.11062398
0.10462893
0.12167884
0.121683426
0.11707478
0.124447286
0.1287333
0.14157923
0.14227098
0.13622816
0.12771848
0.14112999
0.12646839
0.11846347
0.12221462
0.098854296
0.10946978
0.093307994
0.08900132
0.067576766
0.082758464
0.09037933
0.09549268
0.09320511
0.0981193
0.08551068
0.10007546
0.09613785
0.08664393
0.105682805
0.12412494
0.10173992
0.11638437
0.10775781
0.098294996
0.1130296
0.121489905
0.13558084
0.13554361
0.15425281
0.13432705
0.1415513
0.12405395
0.10632473
0.09953476
0.077511236
0.091102965
0.06946315
0.07733978
0.07127059
0.07138556
0.057293374
0.037156094
0.050623108
0.029864095
0.011560867
0.021035818
0.034267996
0.033108726
0.034780882
0.02613577
0.027742174
0.031796757
0.021237375
0.04086149
0.051194347
0.044145416
0.042500056
0.021667177
0.015705926
0.018383896
0.0023003994
0.0017945482
0.016210733
0.0056319167
-0.00865929
-0.02532737
-0.036496084
-0.030449226
-0.010368896
0.009571951
0.009252369
-0.009437329
-0.0012842205
-0.022462822
-0.04198329
-0.026210766
-0.024890764
-0.010880819
-0.017594643
-0.03208025
-0.0115073
0.008340762
0.029476108
0.036261972
0.021520812
0.022319768
0.041702524
0.054410677
0.036787216
0.027895488
0.024412943
0.02786305
0.035586312
0.046388995
0.033873323
0.020508701
0.022318546
0.0012329876
-0.004098234
-0.020133046
-0.040437877
-0.020689009
-0.01816366
-0.025064778
-0.041793846
-0.035224512
-0.033264644
-0.052453212
-0.03262258
-0.04529039
-0.055676214
-0.07041876
-0.06186251
-0.07315385
-0.086164184
-0.09080295
-0.085512534
-0.073783934
-0.0747848
-0.07116698
-0.0773372
-0.05712939
-0.06707742
-0.048049375
-0.04640837
-0.06502871
-0.054162804
-0.06664789
-0.047647502
-0.063560836
-0.08358556
-0.09549808
-0.079994366
-0.05694633
-0.034394003
-0.032177653
-0.01888569
-0.0187916
-0.007936052
-0.017450253
-0.021565493
-0.015935311
-0.03422653
-0.014106538
0.0066948086
-0.009655372
0.0019996103
-0.017649012
-0.025569472
-0.014740764
0.006983074
-0.004236291
-0.013044514
-0.007224992
-0.0105033
-0.027277034
-0.038454007
-0.04045694
-0.02414043
-0.019686706
-0.033486594
-0.035254873
-0.018161813
-0.02494178
-0.010721201
-0.02435084
-0.04336206
-0.044098385
-0.03038006
-0.040897734
-0.02194487
-0.027656116
-0.013811975
0.0021764403
0.010601882
0.0055584796
-0.010214448
-0.02422263
-0.03746869
-0.031541985
-0.04555697
-0.02615189
-0.015063158
-0.016634125
-0.0076071667
-0.010705887
0.0039718756
-0.00557501
-0.008142825
-0.01613411
0.0033763058
0.017075796
-0.0013691308
-0.016679991
-0.028817473
-0.026432898
-0.013290515
0.0059640124
0.025349554
0.025533507
0.03636479
0.051187146
0.05429275
0.059226472
0.042603705
0.049556535
0.0458049
0.029021755
0.007681957
0.018503055
0.004065246
-0.0074039265
0.0038610292
-0.0060316515
-0.021156892
-0.03776777
-0.051511906
-0.036448985
-0.047708742
-0.05592444
-0.076078765
-0.065057114
-0.06672734
-0.08297255
-0.10143607
-0.11682828
-0.095008895
-0.104471125
-0.095438994
-0.076717004
-0.088549666
-0.10696027
-0.10852628
-0.12372548
-0.12079735
-0.1024229
-0.09043549
-0.10032468
-0.09466994
-0.11082281
-0.08909446
-0.07721554
-0.07496473
-0.05663612
-0.071035914
-0.0511938
-0.06725003
-0.06321294
-0.04529705
-0.03132935
-0.026257476
-0.015323681
-0.0246287
-0.019467214
-0.03997318
-0.04980147
-0.062629275
-0.0709932
-0.077686526
-0.0625452
-0.057777066
-0.056101754
-0.041682284
-0.054730356
-0.044606272
-0.05273175
-0.07210168
-0.088450275
-0.09038437
-0.10107852
-0.0999593
-0.07951935
-0.07945828
-0.08699315
-0.071266904
-0.089324385
-0.06840875
-0.046620727
-0.040743887
-0.027044281
-0.029549798
-0.021685753
-0.033440676
-0.0434304
-0.030226301
-0.023119291
-0.043518994
-0.02160243
-0.020582754
-0.01840517
-0.009948479
-0.020745127
-0.031227224
-0.037732255
-0.058180686
-0.059920035
-0.051578846
-0.03201227
-0.04969261
-0.065300874
-0.04929671
-0.028263925
-0.008460885
-0.024114793
-0.04369474
-0.047136273
-0.024952047
-0.012940779
-0.00023473275
0.0033093828
-0.01774947
-0.003001234
0.007940877
0.02305034
0.033808377
0.014841037
0.023575595
0.01279135
0.028173441
0.032465234
0.027532594
0.038742647
0.05096431
0.04948475
0.06925393
0.08062484
0.07598902
0.07535235
0.060149282
0.05844976
0.053043716
0.053873625
0.04244455
0.032557745
0.02188286
0.038283393
0.038465016
0.043876458
0.036673177
0.05395195
0.032910533
0.027604014
0.032267656
0.050281513
0.030071737
0.0453717
0.063985854
0.043187026
0.0522715
0.03199786
0.03780084
0.03814168
0.033902068
0.044348896
0.026787825
0.038687874
0.05640644
0.061924968
0.06819111
0.071367905
0.062049683
0.06028857
0.041261863
0.0443731
0.055888433
0.06068619
0.05617231
0.07616011
0.08550891
0.072747126
0.07130644
0.051354554
0.058386847
0.050167464
0.05095247
0.045129135
0.061207984
0.056350347
0.041958805
0.02421153
0.04236963
0.03659824
0.023703726
0.033619385
0.04295941
0.047145784
0.047564175
0.037589908
0.019769046
0.031081675
0.022229498
0.014088713
0.035311047
0.049265217
0.062815115
0.06112342
0.074058115
0.06573455
0.08313835
0.09818155
0.09850886
0.095900126
0.07292056
0.068585075
0.05850898
0.05389022
0.044950083
0.045107886
0.050014403
0.054522242
0.06030497
0.06435302
0.06091872
0.06667847
0.06475193
0.060441557
0.06853377
0.083576955
0.0999511
0.09001892
0.08330529
0.06814917
0.08407358
0.0904465
0.10241755
0.10632224
0.10383741
0.099790804
0.103650056
0.086259335
0.06804855
0.052464195
0.038077097
0.024481589
0.018145582
0.03508999
0.017304834
0.034008723
0.027038142
0.032067627
0.035414822
0.022174358
0.02135334
0.0009807106
-0.01060365
-0.012671117
0.00022595758
-0.003626857
-0.015065104
-0.015767641
-0.0037647672
-0.01790714
-0.019310152
-0.03028808
-0.03271997
-0.04545532
-0.03658324
-0.038495116
-0.03494915
-0.031189796
-0.027618758
-0.03386486
-0.04901482
-0.05475193
-0.051095754
-0.04701652
-0.040442012
-0.0465913
-0.062164556
-0.06711711
-0.049263734
-0.038788553
-0.050820965
-0.06216227
-0.059336945
-0.04497838
-0.028980097
-0.029524405
-0.014247215
-0.025595024
-0.008261971
-0.00389405
-0.019643601
-0.008372433
0.0016318888
0.022827832
0.026828405
0.032240935
0.031701915
0.041846085
0.041432135
0.021916077
0.021977954
0.02295729
0.019349381
0.0045732562
-0.014825064
-0.018807473
-0.01902815
-0.018949248
-0.015608448
-0.006805511
-0.0019211652
-0.01217764
-0.011242654
-0.01570919
-0.028834917
-0.022195483
-0.023440508
-0.007734982
-0.018526576
-0.018647924
-0.008538209
0.012965658
0.029946864
0.02217287
0.01344999
0.025206946
0.00849663
0.015033196
0.0015671579
-0.011158911
-0.032217152
-0.03986952
-0.03705066
-0.0154142855
-0.012452291
-0.018292695
-0.03272277
-0.024009258
-0.0034224647
0.007993345
-0.012546495
0.002826677
0.022838695
0.029298775
0.008709463
0.019205479
0.008332277
0.015924968
0.020088544
-0.0011570856
0.019618003
0.03719194
0.033438146
0.032627296
0.037001744
0.05041996
0.067561954
0.08447601
0.093182944
0.08507805
0.08158909
0.06452668
0.046883445
0.059574798
0.047196362
0.04639221
0.0667768
0.08501438
0.092135124
0.10521262
0.10839692
0.12230524
0.13181724
0.15010509
0.14808254
0.16223629
0.17687266
0.15223034
0.15438929
0.16191766
0.14037372
0.12251183
0.10917913
0.09013264
0.10899345
0.12739001
0.1435981
0.160413
0.1785937
0.17144996
0.14788055
0.12412535
0.11478348
0.09295751
0.091661535
0.07706653
0.06615741
0.06520927
0.07613854
0.08649008
0.081471644
0.09610137
0.10276455
0.113912694
0.091582835
0.07639855
0.07068169
0.0712033
0.048600424
0.035081323
0.04199544
0.048001178
0.031677138
0.03165739
0.0141390525
0.034161426
0.03920984
0.018294191
0.03744706
0.04738997
0.037445407
0.056076255
0.04154299
0.032373995
0.016948862
0.01586457
0.018332178
0.00024068262
-0.0018501641
-0.013640655
0.005056446
-0.0041992203
-0.00359355
-0.0113579845
-0.019090302
-0.02738525
-0.007999791
0.001192233
0.011419763
0.0025814243
0.006002812
-0.014490372
-0.002227646
-0.014159272
-0.028480342
-0.028976576
-0.03531414
-0.02550292
-0.022420859
-0.033186138
-0.032031797
-0.021158572
-0.016028827
-0.010904726
-0.017348835
-0.0035444894
0.009047787
-0.0065985336
0.0073153353
0.024225982
0.012556212
0.021349948
0.039448302
0.05605749
0.04663464
0.02840896
0.036731597
0.02514381
0.037640344
0.017425958
0.0018778992
0.008268212
-0.0132204965
-0.011525462
-0.022226075
-0.008362258
-0.024642747
-0.01634911
-0.012757922
-0.014506813
-0.028868737
-0.03850811
-0.022784006
-0.0024805649
-0.011241969
-0.006334996
-0.019519676
-0.02541354
-0.026974523
-0.0210518
-0.016448226
0.003804991
0.015659846
0.0110758
0.019808734
0.008717289
0.010577404
0.0104287965
0.011813717
0.014735213
0.023404632
0.008118145
0.015435594
0.008537338
0.0018591903
-0.01757675
-0.008998941
-0.012717198
-0.017047398
-0.012444749
-0.020006498
0.001692996
-0.018327828
-0.009951344
0.008392013
0.025265748
0.040780168
0.046840075
0.065722264
0.07003443
0.07796279
0.06703397
0.05964433
0.07691305
0.061378732
0.077634655
0.072950296
0.080795966
0.08907722
0.1058765
0.08828707
0.067344956
0.050447945
0.03081268
0.01180443
0.028723301
0.04505598
0.027139056
0.033110857
0.023039449
0.013725458
0.03418167
0.04842966
0.06350711
0.06216017
0.066345125
0.047621626
0.06352954
0.061042096
0.04413624
0.03167836
0.01142933
-0.0070570335
-0.01702989
-0.0027286909
0.014988527
0.028654834
0.011607788
0.030582586
0.031676583
0.028329793
0.02027625
0.00029559742
0.019495515
0.03507412
0.0462604
0.050637364
0.05082773
0.03932877
0.038439568
0.03176337
0.03128647
0.022420892
0.0014097504
-0.0009254904
0.007010716
0.0158759
0.009345895
-0.010366756
-0.018899582
-0.02423204
-0.04164024
-0.061739936
-0.051650673
-0.06554005
-0.044587515
-0.049421422
-0.053378865
-0.055303052
-0.06243003
-0.045463283
-0.02337916
-0.031347126
-0.033803456
-0.0152499555
-0.0037027716
-0.022480339
-0.02403751
-0.034972
-0.034976874
-0.013614254
-0.024449468
-0.007826008
-0.013100804
0.007293718
0.016451761
0.0154680135
0.0328526
0.04559968
0.039015606
0.042373206
0.028693719
0.008738443
-0.0047341106
-0.017712547
-0.016271656
-0.011112379
-0.020569539
-0.03054584
-0.038393494
-0.029902657
-0.008295839
0.0059439726
0.015458281
0.018956576
0.029048732
0.04391432
0.047738977
0.028529877
0.021437798
0.033439
0.037944756
0.05520543
0.06256644
0.06060691
0.07638966
0.05712497
0.07537791
0.09257906
0.10716822
0.1047448
0.10078699
0.10725819
0.10639612
0.08949906
0.10692169
0.091858335
0.07100776
0.08525378
0.08984814
0.091077216
0.10086843
0.10310175
0.08776175
0.101944745
0.10113619
0.08977347
0.06868972
0.05302598
0.04992554
0.061131917
0.04620368
0.056366757
0.04514198
0.04424754
0.048358217
0.030558163
0.04282458
0.052779213
0.063324906
0.055514768
0.049333345
0.057738736
0.06562953
0.045782737
0.065081805
0.04890902
0.06721315
0.08316888
0.06022571
0.06270427
0.050703548
0.05539185
0.06451167
0.06391225
0.08101644
0.09000907
0.10950159
0.100220785
0.08736543
0.08110318
0.06969118
0.06152165
0.05617949
0.06069256
0.05055186
0.058777723
0.036420424
0.021668976
0.009925232
0.006061869
0.023453213
0.029929569
0.013535826
0.0060072173
-0.0037939416
-0.016368413
-0.006809109
-0.019593174
-0.026013728
-0.009398205
-0.020202301
-0.0000875708
-0.004961918
0.009345823
-0.004312776
-0.005126259
0.00013369537
-0.012078671
0.009131186
-0.009314842
-0.02772854
-0.044231858
-0.0491655
-0.029327331
-0.012786257
-0.03146191
-0.022353742
-0.034738977
-0.032716144
-0.02934223
-0.046471853
-0.05727827
-0.06419969
-0.07497406
-0.06914362
-0.0748714
-0.09196391
-0.082816616
-0.09306958
-0.08447438
-0.08329642
-0.06977145
-0.058840845
-0.059125166
-0.043261655
-0.036870085
-0.05580102
-0.034965806
-0.022344572
-0.008059998
-0.00264356
-0.00095510227
0.012343953
0.027368708
0.018352194
0.014823921
0.026206303
0.04440524
0.056574814
0.04977146
0.06855853
0.07386938
0.0755655
0.08962562
0.1050453
0.11362192
0.09961461
0.09473445
0.108441226
0.1129147
0.11369334
0.1123529
0.12160105
0.12329009
0.12781183
0.11569442
0.10478605
0.10270952
0.11149703
0.096165866
0.083662525
0.07927796
0.08890709
0.06850243
0.06694399
0.056173075
0.067670904
0.068138584
0.08298228
0.086464144
0.06370705
0.042312678
0.052645627
0.046382017
0.056108452
0.034706876
0.02978428
0.03391415
0.053756665
0.060872577
0.04642805
0.042914532
0.028723333
0.006750603
0.022822443
0.004115466
-0.00043653327
-0.00006245474
0.010379255
0.020781405
0.01716713
0.026349697
0.028005248
0.030037647
0.013975755
0.026964746
0.031470876
0.046872575
0.0395576
0.036939908
0.043313004
0.058786303
0.03966236
0.024470838
0.041863628
0.03589565
0.032537535
0.018955529
0.009676685
0.02896541
0.010523126
0.03124269
0.0418161
0.03356901
0.035275992
0.04117619
0.05077662
0.07032156
0.069372475
0.049657423
0.06809725
0.07991432
0.09016389
0.06998052
0.065471165
0.08100661
0.07436439
0.0697726
0.08481801
0.07470344
0.08830029
0.08770522
0.08037829
0.0952516
0.0793373
0.065040916
0.04561245
0.0422179
0.04294046
0.048994582
0.055602383
0.05804853
0.076949
0.09423153
0.07711045
0.059590727
0.056385912
0.042224143
0.043353755
0.02851168
0.049431525
0.06709062
0.06024722
0.048826303
0.036408864
0.019886995
0.0076962598
0.022580555
0.014516505
-0.0038043885
0.016465228
0.029186795
0.018730951
0.028995765
0.040557504
0.030641133
0.021137761
0.0025767612
-0.012885133
-0.029504044
-0.021955032
-0.036245964
-0.04506473
-0.032406732
-0.01931909
-0.020305179
-0.03684193
-0.041921943
-0.024472231
-0.006507526
0.013623221
0.02113564
0.025273006
0.00844942
-0.00032867675
-0.017646713
-0.03662216
-0.043839592
-0.042076733
-0.060994852
-0.045678955
-0.049653888
-0.06404825
-0.07692949
-0.056429565
-0.047237698
-0.061156914
-0.06811511
-0.045648184
-0.03574318
-0.036360655
-0.03313702
-0.041985143
-0.055643637
-0.044408873
-0.0513249
-0.049622785
-0.046919048
-0.026353363
-0.029832147
-0.022080846
-0.010916505
-0.0026766385
-0.00028925584
0.020081565
0.012643597
0.010291455
0.011878222
0.028492963
0.016612442
0.03654768
0.050181206
0.029581428
0.027898822
0.046242002
0.051377013
0.060986795
0.07146572
0.06806638
0.054797463
0.055210315
0.05122807
0.06480086
0.053971432
0.07256342
0.069561854
0.07757247
0.07916607
0.080757454
0.072351515
0.06334641
0.061842684
0.05324126
0.06949071
0.051739506
0.05073158
0.030376306
0.02881347
0.034135595
0.04318037
0.024871312
0.02320073
0.03013098
0.045133367
0.045795944
0.032153267
0.016344277
0.007601668
0.015976122
0.035255637
0.015313988
0.0308293
0.041019432
0.027239103
0.011253766
0.0071903453
0.0044906638
0.01435671
0.008470866
-0.0064869034
0.0022655067
0.0008651317
-0.016596887
-0.024818486
-0.030774929
-0.03177833
-0.0517939
-0.052580077
-0.041349567
-0.038814653
-0.03006683
-0.010557703
-0.009659237
0.008358496
0.013074876
-0.0047233193
-0.012662437
-0.019110156
-0.027126715
-0.016669119
-0.008514387
-0.028482849
-0.029844664
-0.04306683
-0.024777506
-0.012893665
-0.030303273
-0.03525413
-0.03193128
-0.026893158
-0.039088026
-0.045344956
-0.0465064
-0.03055424
-0.015716104
-0.035127252
-0.017199134
-0.010055636
-0.015195817
-0.0061569046
-0.0008610317
0.006751412
0.02414099
0.013604278
0.012242833
-0.00065510476
0.006423947
0.0012303342
-0.0024984553
-0.021015277
-0.027960725
-0.03177351
-0.019929098
-0.028409032
-0.008199301
0.007927958
-0.007320694
-0.004269048
-0.011395992
-0.016571898
-0.021231985
-0.0330351
-0.04719756
-0.03365748
-0.024785629
-0.022259373
-0.017973771
-0.020311166
-0.006844187
0.0014297845
0.012830375
0.0077724294
0.0025220613
-0.011206618
-0.028401244
-0.0379834
-0.044675425
-0.058890454
-0.05460237
-0.03253825
-0.020893238
-0.025694827
-0.030388959
-0.045445077
-0.06393163
-0.072711244
-0.06365098
-0.079668954
-0.09916876
-0.09512119
-0.10911616
-0.11152211
-0.10344419
-0.11604767
-0.13224636
-0.13095444
-0.13778229
-0.12971869
-0.12846668
-0.119159825
-0.09854763
-0.08770336
-0.09495382
-0.09295798
-0.07041735
-0.07570235
-0.09412127
-0.09938412
-0.11320963
-0.10022929
-0.09643177
-0.10954899
-0.112907425
-0.11011683
-0.10524069
-0.08178468
-0.09309369
-0.09630963
-0.10396166
-0.09082211
-0.086956166
-0.07434825
-0.078074835
-0.096292764
-0.111962125
-0.11735848
-0.12724778
-0.11913724
-0.109397575
-0.105506234
-0.11432122
-0.12848029
-0.13254656
-0.11465235
-0.097288296
-0.09736371
-0.11306003
-0.124798104
-0.122652404
-0.14049184
-0.12806967
-0.110644035
-0.08706093
-0.08529295
-0.066808686
-0.08580095
-0.09814141
-0.08366399
-0.074058995
-0.07584267
-0.09369771
-0.110795364
-0.09144575
-0.1104449
-0.099531166
-0.095856205
-0.09735002
-0.07654403
-0.058236185
-0.061422136
-0.07744295
-0.0909011
-0.09094408
-0.10710107
-0.118551046
-0.13211256
-0.11828124
-0.13174546
-0.12148223
-0.13066536
-0.13601641
-0.11681938
-0.10152557
-0.11968587
-0.10130362
-0.09684628
-0.091159694
-0.088973425
-0.10461661
-0.11929384
-0.13014139
-0.12801546
-0.14191642
-0.15282632
-0.16501604
-0.14388041
-0.13582636
-0.14626163
-0.13786496
-0.1247447
-0.12164137
-0.11828369
-0.107010104
-0.12347028
-0.121800005
-0.104172416
-0.11058827
-0.08868308
-0.06623653
-0.057214186
-0.042085458
-0.05461563
-0.058533646
-0.04694507
-0.06256646
-0.07272655
-0.08452416
-0.10133268
-0.092259325
-0.10712538
-0.1183035
-0.12638761
-0.113313474
-0.11275183
-0.12089255
-0.13534512
-0.11404793
-0.12129064
-0.11571411
-0.11720041
-0.124837145
-0.11144896
-0.09126127
-0.10322805
-0.08965429
-0.09805737
-0.10978998
-0.0945908
-0.08178839
-0.06305065
-0.07948939
-0.084495276
-0.08930668
-0.1041502
-0.1151399
-0.13334668
-0.13278572
-0.119377725
-0.09705995
-0.09436207
-0.07787732
-0.06901457
-0.07093691
-0.049703218
-0.06389482
-0.07014467
-0.05954482
-0.061894555
-0.05209279
-0.04112848
-0.045715563
-0.03585813
-0.020223117
-0.016404131
-0.021977525
-0.013060052
-0.0024448857
0.000087636836
-0.0036513852
-0.023785181
-0.006242586
-0.016577648
-0.01838752
-0.0021765458
-0.010402395
-0.01782195
-0.011333927
-0.012235216
0.0077117104
0.021026155
0.0028446382
0.015299269
-0.0018409785
-0.013163648
-0.0077969404
0.0116954725
0.029650653
0.019319346
0.003670889
0.003767791
0.000109162196
-0.014034627
-0.022168051
-0.025477631
-0.017844504
-0.03430804
-0.024697429
-0.015967019
-0.0067274747
-0.018906897
-0.0053918906
-0.0041422336
-0.018375004
-0.010001552
-0.015779288
0.004025115
0.0040783505
-0.0033868612
-0.018069986
-0.039047632
-0.04081959
-0.04311088
-0.060354516
-0.07250488
-0.07905619
-0.07519981
-0.071700454
-0.07254027
-0.07330069
-0.052411746
-0.04967146
-0.027406193
-0.030404992
-0.02513827
-0.038621474
-0.041905187
-0.035000335
-0.04898398
-0.04773786
-0.05844836
-0.060017835
-0.038206656
-0.040878285
-0.0357199
-0.019427136
-0.02086222
-0.008382204
-0.0035816228
-0.022078678
-0.012347382
-0.0124514755
-0.02818427
-0.012635037
-0.017092567
-0.010734629
-0.026067391
-0.0177113
-0.03859537
-0.043410968
-0.023619708
-0.003231922
-0.0020074882
-0.013113213
-0.021510972
-0.022489225
-0.015606388
-0.00031898008
0.013313895
0.014100461
-0.0021672454
-0.0046603307
0.003888768
0.008084601
0.01658463
0.026917813
0.014849829
0.034096207
0.046379056
0.052332513
0.054879032
0.05131309
0.04233547
0.042696226
0.05950109
0.068679824
0.05856085
0.03789828
0.026314052
0.04203722
0.031867277
0.049864452
0.05962858
0.055745065
0.070747264
0.064165436
0.04516505
0.04687871
0.04366296
0.021881148
0.006639895
0.0024890068
-0.008057929
0.008968625
0.007222616
0.021575067
0.03137569
0.009943841
0.0021008304
0.019661183
0.039415512
0.03510123
0.05263665
0.06495842
0.080822416
0.061843406
0.060651004
0.04329892
0.030168466
0.02076924
0.0009359078
-0.011166021
0.0040153256
0.016537493
0.012508892
0.0065651746
0.013992981
0.019931698
0.0063053668
0.012715318
-0.003026065
0.0072605168
-0.004858735
-0.009188894
0.007340632
0.0011782683
0.008795346
-0.001153491
0.017773882
0.017898254
0.03345927
0.011693525
0.015855122
0.03195743
0.028082706
0.039291754
0.059854537
0.0760733
0.08801279
0.09860177
0.07579204
0.07470169
0.07944301
0.098847024
0.084933564
0.0714041
0.058226913
0.04337318
0.022781828
0.037930783
0.050216056
0.05268992
0.053729884
0.04077044
0.027218984
0.018040827
0.026538206
0.037994727
0.056298018
0.06404932
0.06438338
0.07126363
0.08215862
0.08492004
0.09391856
0.08636187
0.072206
0.08515598
0.066548996
0.08284968
0.08874382
0.09025819
0.09056506
0.09927992
0.08140709
0.09626712
0.0733915
0.06403499
0.074381076
0.07773502
0.091602765
0.10564712
0.09081661
0.081255585
0.05977825
0.041705288
0.030995566
0.02211371
0.038531546
0.058797494
0.063517526
0.042899434
0.04911633
0.053221304
0.060997784
0.043574814
0.024667272
0.0080772005
0.017318645
0.036032032
0.029289017
0.046578348
0.054489274
0.04607599
0.040770106
0.026398383
0.008300766
-0.009250438
0.0064379196
-0.0007395615
-0.0049943984
0.011378164
0.031226438
0.033991445
0.053700954
0.05952025
0.06683433
0.04457628
0.03613584
0.018031387
0.034319572
0.05248883
0.068938024
0.08046045
0.08348124
0.09167945
0.074684486
0.060150042
0.04198677
0.056490365
0.06950327
0.08792982
0.094719
0.10168014
0.081364885
0.088139795
0.077759184
0.07146077
0.06153235
0.07398849
0.059430707
0.056540057
0.034010943
0.05288592
0.041977365
0.024441067
0.01795883
0.015250656
0.025178108
0.02365079
0.026095945
0.009206208
0.015725898
0.028323656
0.026839525
0.023980664
0.0030314743
0.017557621
0.02181834
0.037284
0.023483291
0.0034847355
-0.01366047
-0.008478032
-0.021725595
-0.032518797
-0.010693091
-0.026689198
-0.015888238
0.0036565296
-0.014604096
-0.034365844
-0.014051393
-0.0010958102
0.0143707385
0.029929854
0.04187012
0.045642536
0.048826493
0.03196291
0.03508577
0.051671404
0.05253241
0.05750705
0.04056886
0.060772657
0.05343875
0.06108388
0.039585505
0.04931525
0.044069167
0.026690027
0.018168043
0.010461279
0.0027062849
0.0039925845
0.0056741172
0.013239985
0.01815692
0.0017443252
0.014380197
0.014188311
0.025542315
0.02037907
0.00083526614
-0.012181454
-0.011420329
-0.014446666
-0.016612818
0.0036268465
0.019251896
0.030746326
0.050757922
0.046996105
0.033011585
0.037147
0.05782998
0.038915463
0.04562443
0.029959563
0.025923377
0.007756367
0.005825029
-0.009806694
0.0016993908
0.018514555
0.028328633
0.033383537
0.03684933
0.055671938
0.07422443
0.0850319
0.10328917
0.092071295
0.09183971
0.093944795
0.08002332
0.079142265
0.08498026
0.07306826
0.06051317
0.07988286
0.05768138
0.058528595
0.04607911
0.05200003
0.06885439
0.06727117
0.07733474
0.062304396
0.051018592
0.036466733
0.0541945
0.036962684
0.02165313
0.008321982
-0.006863112
0.008590338
-0.012963956
-0.03295926
-0.011916573
0.004379112
0.0066368887
-0.012284887
-0.0075449753
0.01345102
0.029325923
0.016469399
0.013488815
0.029555358
0.04881161
0.055322334
0.051052574
0.06108917
0.079309225
0.09041918
0.07840546
0.061816286
0.06377119
0.05886799
0.07828429
0.056286156
0.03449944
0.02456056
0.041403472
0.04425003
0.06118815
0.050270684
0.06978658
0.08822535
0.09686912
0.09983219
0.09936455
0.09776745
0.10478483
0.1176116
0.11946029
0.133469
0.15194413
0.15441976
0.170952
0.16638297
0.17118403
0.17505296
0.1513351
0.15704452
0.16836861
0.16437688
0.1604844
0.14651604
0.12713197
0.1273932
0.13088745
0.11325892
0.13029838
0.10725481
0.0919837
0.06956326
0.06467592
0.083160706
0.060878016
0.03833568
0.02155648
0.039752644
0.035074588
0.040926177
0.020872409
0.033332914
0.020885501
0.026571793
0.040547363
0.024774415
0.0032809654
0.0088110175
0.01790658
0.011325921
-0.0007475196
0.0173737
0.02382787
0.03226631
0.021066232
0.00039851293
0.019722372
0.034678735
0.042215902
0.053943593
0.05607697
0.04910067
0.031905282
0.03678956
0.04999782
0.063406125
0.058542203
0.0774019
0.08595164
0.07738969
0.07025218
0.06798414
0.045232825
0.051078968
0.04074224
0.045900438
0.029505827
0.012058087
0.001102195
0.006851126
0.0010908922
0.020614693
0.016851164
0.013626509
0.0050460687
0.022791857
0.0022418045
0.0013509624
0.018455543
0.019952524
0.015756141
-0.00011926462
-0.017698552
-0.034787893
-0.044881716
-0.048887525
-0.029494384
-0.011142612
0.0052172546
0.021705128
0.013065615
-0.0035507504
-0.006693777
0.0117797265
0.025751997
0.022050712
0.014939981
0.0052546547
0.0018569422
-0.012273489
0.006683143
0.002182287
-0.0013429772
-0.0134114325
-0.020674096
-0.032953594
-0.040599603
-0.050375294
-0.056258738
-0.0749981
-0.054200534
-0.032006916
-0.014978005
-0.022404732
-0.008580304
-0.009320908
-0.0044461056
-0.00629099
-0.0070776143
0.009154831
0.014379407
0.028799145
0.010114441
0.02174933
0.035253163
0.034477312
0.01719495
0.00004023898
-0.005451646
0.011470194
0.02960371
0.030472977
0.034610953
0.05502921
0.04948702
0.0651852
0.07382283
0.09291912
0.107486986
0.116277
0.12419272
0.11967151
0.09647217
0.07665701
0.07754766
0.06921477
0.080414146
0.07853743
0.06950952
0.086197615
0.085023426
0.07102831
0.080205284
0.07604684
0.072769575
0.058694772
0.07313572
0.060290784
0.0484401
0.046381578
0.02938003
0.010541277
0.020910427
0.012477158
0.020219453
0.009018696
-0.008758029
-0.011171286
-0.008834277
-0.025038831
-0.029284744
-0.032046996
-0.048485357
-0.038042605
-0.024940567
-0.013625672
-0.018296428
-0.03930685
-0.028296199
-0.038361713
-0.028919006
-0.02046629
-0.03664165
-0.054076754
-0.04061043
-0.048452064
-0.031365104
-0.047471926
-0.025843786
-0.037489455
-0.03565892
-0.017553085
-0.007080558
0.008684021
0.012817311
0.030356184
0.032712013
0.05255945
0.04539424
0.041482877
0.056365866
0.04676347
0.055710502
0.0644052
0.049554016
0.028449634
0.02887613
0.0245314
0.033956975
0.01380968
0.022456981
0.0064570135
0.000824299
0.018581279
0.0343927
0.03769535
0.017343676
0.01212643
-0.008077406
-0.02048531
-0.012584984
-0.0060838535
0.0044311276
-0.0065988977
-0.019496782
-0.0254928
-0.039978076
-0.035338305
-0.013256525
-0.010523364
0.010390278
0.0014592045
-0.0111473715
0.0007738511
0.01944386
0.014784652
0.014466259
0.0004786444
-0.013155171
-0.019775635
-0.035176598
-0.03676777
-0.05636594
-0.054456685
-0.04875854
-0.045145303
-0.043638293
-0.05384287
-0.033204794
-0.02927392
-0.03391141
-0.019955993
-0.01839165
-0.017701421
0.00057247345
-0.007891077
-0.0014947726
-0.022122746
-0.025173
-0.025100345
-0.0054754964
-0.0070140962
-0.011882526
-0.0029334333
-0.01234489
-0.029519549
-0.020261949
-0.02347703
-0.038051732
-0.022144312
-0.0009141131
-0.014713277
-0.0032508613
-0.02309312
-0.01647521
0.0010820373
-0.0092790285
-0.03044565
-0.009136912
0.0011968596
0.014643571
0.007159913
0.017772155
0.03266607
0.018423857
0.03144982
0.026216308
0.005778307
0.015994176
0.03438766
0.043399632
0.026119
0.037098546
0.034115817
0.051843956
0.06596008
0.083892405
0.102625385
0.09623897
0.08527434
0.062324535
0.06717842
0.08345281
0.09869582
0.10326799
0.098898016
0.10617175
0.09909434
0.09689655
0.10483236
0.108863875
0.09438935
0.07835485
0.060325477
0.061230578
0.048614852
0.064877965
0.054547947
0.05386386
0.032025225
0.039160687
0.042488676
0.057243492
0.036901627
0.057250146
0.056427345
0.05527101
0.038594067
0.035020083
0.05321774
0.0684839
0.06521685
0.07595121
0.08983584
0.08872898
0.10786227
0.117565915
0.13288058
0.10919736
0.09175938
0.07420476
0.08559906
0.07450809
0.072921984
0.06737374
0.07965707
0.070358254
0.047748186
0.047004364
0.064135924
0.055391658
0.042840183
0.05362003
0.05847952
0.040763605
0.01866855
0.009421907
0.012109862
0.028077414
0.009871217
0.009618482
0.01964064
0.0000819363
-0.0036879056
-0.0051362053
-0.0062653534
0.014836425
0.03306355
0.03574764
0.039111663
0.023636574
0.011351343
0.0036073797
-0.002641057
-0.003964771
-0.004825661
0.010218572
0.00038218795
-0.004387961
-0.007817709
-0.024930373
-0.012174367
-0.006574074
-0.021402175
-0.028426299
-0.033061896
-0.04553488
-0.050293937
-0.06500125
-0.058807086
-0.06879564
-0.060700163
-0.076443374
-0.0807055
-0.066750124
-0.07600754
-0.075299
-0.08862947
-0.09649463
-0.11496264
-0.09579931
-0.10227947
-0.08983452
-0.066524245
-0.08373192
-0.101175815
-0.083882675
-0.09027704
-0.08417433
-0.074361116
-0.05749632
-0.045053758
-0.04517014
-0.055068847
-0.066612594
-0.078900054
-0.07265584
-0.0524468
-0.032128084
-0.018724475
-0.037760183
-0.05251339
-0.06392541
-0.0825139
-0.059467185
-0.06792358
-0.04647713
-0.045598444
-0.033391353
-0.028677428
-0.008365839
-0.02575527
-0.032456797
-0.035187796
-0.029053476
-0.015530984
-0.0025317844
0.016512174
0.03104566
0.031383302
0.044355884
0.03836284
0.049973063
0.030561063
0.048464093
0.051652662
0.047584057
0.040417925
0.043708824
0.02332599
0.007804873
0.01524602
-0.0053678933
-0.000011168567
-0.0064776856
-0.0151328435
-0.021448417
-0.0035087338
-0.005088432
-0.010638716
-0.016418902
-0.029354898
-0.018021343
-0.009851969
-0.02911225
-0.014929138
-0.019171389
-0.00084793125
0.01879877
0.032190487
0.016143015
0.0010772153
0.011726417
0.025275065
0.010925548
0.018259449
0.01855228
0.011117016
0.009586469
0.027123284
0.030980652
0.039957836
0.041943915
0.041113764
0.030896923
0.030179976
0.042797547
0.030739587
0.05119467
0.030024406
0.045424722
0.051867817
0.050775692
0.064640604
0.04446984
0.04228876
0.04746271
0.030894518
0.022394443
0.03869626
0.02325715
0.03950592
0.018486599
0.0001051392
-0.010276717
-0.025559708
-0.04296865
-0.059074923
-0.04253038
-0.023518547
-0.010616427
0.005671707
0.020549294
0.04007778
0.049176816
0.057759885
0.054829337
0.07126668
0.0850588
0.09367493
0.08891766
0.08569886
0.06783308
0.07243449
0.0889479
0.07536856
0.056947432
0.036215875
0.05517832
0.054246232
0.06345573
0.058765475
0.049933225
0.0495793
0.04904242
0.037400197
0.052764375
0.06436688
0.06413331
0.081767455
0.09373611
0.09505522
0.096168
0.09610354
0.09765492
0.098491065
0.080397874
0.06019546
0.060662623
0.05118687
0.059985276
0.048335847
0.03947524
0.031826816
0.036345102
0.048342533
0.049248826
0.069705054
0.088627525
0.091401026
0.10303565
0.10951705
0.1093067
0.107913345
0.1248392
0.10816252
0.1073514
0.098805726
0.104080886
0.10309072
0.11956793
0.10956761
0.087867804
0.07551578
0.09123306
0.10376252
0.10098219
0.07827954
0.08302403
0.09115738
0.069538
0.08556772
0.06327715
0.080777615
0.05866132
0.043061446
0.043764185
0.03928208
0.03537052
0.02354328
0.022620182
0.04182126
0.049568407
0.06290281
0.08315843
0.10190275
0.10604235
0.11636704
0.122665815
0.12229734
0.12674649
0.13575901
0.14753333
0.13009873
0.11378239
0.09222714
0.082401074
0.069833286
0.08986534
0.0927037
0.070221536
0.07828375
0.062311135
0.077881806
0.08929145
0.101288
0.1019631
0.107350536
0.100671664
0.11335364
0.13133603
0.12754966
0.11053251
0.11488231
0.093806855
0.07660683
0.0807827
0.06883332
0.08790118
0.07969885
0.05753789
0.050686557
0.05957676
0.061935797
0.05244672
0.0400821
0.01920797
0.013750828
0.018234171
0.031119665
0.036769167
0.05641603
0.053473413
0.04048352
0.03862419
0.03454233
0.017991735
-0.0023440912
-0.016404917
-0.012870151
0.007642365
-0.011436522
-0.010917105
-0.0024322707
-0.014568793
0.006408859
0.012843003
0.0050622164
-0.015985893
-0.002068969
-0.0058576297
-0.014515551
-0.014719406
-0.005974429
-0.020577796
-0.012244466
-0.00851744
-0.00087108294
0.004802935
0.020309273
0.033352233
0.01587509
-0.0018788392
0.0006011883
-0.014545383
-0.032135848
-0.0359102
-0.024271023
-0.04479467
-0.031492017
-0.025764817
-0.044854447
-0.03874684
-0.05886488
-0.058150906
-0.041242518
-0.023297634
-0.033664525
-0.042442065
-0.030243205
-0.038486514
-0.037942737
-0.054819766
-0.057180505
-0.055545054
-0.07236849
-0.06497181
-0.05298621
-0.04321943
-0.03357618
-0.02972697
-0.04680573
-0.02820909
-0.027987693
-0.02309421
-0.032068875
-0.050728127
-0.042871475
-0.051184542
-0.030671408
-0.029789925
-0.02895316
-0.028200665
-0.027792227
-0.03623353
-0.05282884
-0.06031494
-0.07667665
-0.0612149
-0.054760568
-0.07418746
-0.08045461
-0.06113264
-0.07176481
-0.07475964
-0.092770085
-0.088916
-0.0788238
-0.05817581
-0.06408749
-0.081444636
-0.0986909
-0.117380075
-0.11424634
-0.102722816
-0.11352217
-0.10026786
-0.107255474
-0.12469021
-0.13318646
-0.12293111
-0.13937312
-0.12605967
-0.13253695
-0.14640379
-0.1302019
-0.111892805
-0.12608072
-0.14488389
-0.14450158
-0.13885157
-0.13735604
-0.12704164
-0.12502556
-0.10142678
-0.109563634
-0.11198519
-0.13087696
-0.10761499
-0.08589653
-0.078922145
-0.08311969
-0.093002476
-0.08634011
-0.08275594
-0.10157601
-0.099561505
-0.105419464
-0.10345555
-0.115381435
-0.09556562
-0.08712338
-0.06437298
-0.05438353
-0.07267283
-0.07238773
-0.07610829
-0.07681984
-0.056318045
-0.057325292
-0.06027194
-0.05938147
-0.06761806
-0.07425018
-0.05192034
-0.041163873
-0.027364118
-0.04326424
-0.023716023
-0.034751214
-0.03725294
-0.030063588
-0.018854681
-0.02119783
-0.03879152
-0.024348987
-0.04266252
-0.042528972
-0.031604078
-0.019789992
0.0005660876
0.0033746734
0.022147898
0.036302365
0.029592449
0.019486777
0.007053143
-0.0055272104
0.00032830014
-0.001970134
0.005300081
0.018685872
0.037602346
0.023556596
0.024059065
0.017212514
0.011428791
-0.002224693
0.001549835
0.0019859765
-0.015420118
-0.034734223
-0.015020997
-0.025433976
-0.011066255
-0.021327242
-0.036892302
-0.016588787
0.00048498096
0.0009062112
-0.016278036
-0.0019000856
0.009912788
-0.0077450806
-0.013895906
-0.029036397
-0.018803902
-0.0039686086
-0.006359913
-0.01762921
-0.00080548465
-0.0189075
-0.038414042
-0.05264136
-0.055727433
-0.033971287
-0.03514075
-0.018804759
-0.0038901174
-0.018238012
-0.017952295
-0.007518793
0.008234206
0.009140382
-0.00017221487
0.016975816
0.0010063421
-0.011633701
0.0058068773
0.024185183
0.015246775
0.023955556
0.03359382
0.018474298
0.034526933
0.025963614
0.020054253
0.0042642723
0.0059421496
0.011049917
0.024061877
0.038845345
0.041788198
0.041402876
0.051859792
0.033181407
0.030449495
0.027823865
0.026161967
0.004342801
-0.0022356682
0.0030051363
0.0043499586
0.0082491115
0.021793248
0.02404194
0.040680718
0.058425337
0.04987946
0.06736919
0.075579666
0.08333702
0.096369535
0.07310543
0.087133475
0.10301267
0.08425134
0.10085099
0.09292519
0.10170953
0.09517772
0.08186825
0.0862113
0.079004526
0.08139909
0.100751884
0.078373455
0.055340543
0.05113742
0.035865687
0.050967447
0.03947739
0.04956663
0.047448434
0.066668935
0.046211094
0.035725817
0.054882668
0.074780405
0.07901858
0.06289748
0.06264802
0.06838048
0.069288515
0.052934002
0.046305448
0.03521437
0.018986858
-0.0013546568
-0.01695386
-0.014766499
-0.024509765
-0.04232925
-0.06175346
-0.06331537
-0.07207833
-0.073695056
-0.07677825
-0.07223505
-0.07753541
-0.08303224
-0.09801219
-0.08215131
-0.07742549
-0.08864376
-0.095574915
-0.10500383
-0.116335765
-0.10422851
-0.12191584
-0.119137295
-0.10358054
-0.09669817
-0.08449453
-0.086527646
-0.08482179
-0.08710298
-0.082073435
-0.07663927
-0.055858154
-0.07476151
-0.0858406
-0.09254955
-0.09124545
-0.077563785
-0.0848753
-0.093464345
-0.110766515
-0.12314036
-0.11796796
-0.11464046
-0.105905674
-0.10151198
-0.112692796
-0.12453633
-0.10275501
-0.10849131
-0.122426376
-0.114043325
-0.1071807
-0.12077345
-0.11484094
-0.11511471
-0.11379961
-0.09299997
-0.08819641
-0.09320438
-0.09244582
-0.071183436
-0.091207884
-0.1038527
-0.088888004
-0.08981436
-0.107327536
-0.11129427
-0.09948333
-0.10382452
-0.1129683
-0.09277739
-0.11208486
-0.1173267
-0.12045565
-0.115029916
-0.11649228
-0.1185201
-0.120166644
-0.116221346
-0.12165249
-0.12964486
-0.1377394
-0.14426474
-0.124468714
-0.12885028
-0.12845713
-0.10967292
-0.11222226
-0.09751269
-0.0821541
-0.06435529
-0.077915296
-0.080754586
-0.06065666
-0.061854575
-0.055891704
-0.035442147
-0.0507121
-0.057935152
-0.041946728
-0.02493459
-0.007296461
-0.02240399
-0.03189135
-0.012557659
-0.005840077
0.0073931236
-0.010576004
-0.030126348
-0.019758208
-0.03232412
-0.04970047
-0.05147333
-0.03477292
-0.04598875
-0.039531
-0.03301818
-0.050240207
-0.03337236
-0.011955816
-0.01236317
-0.013407426
0.0043518725
-0.004234872
-0.012696903
-0.012612829
-0.014576976
0.004756916
0.012995174
0.02026781
0.01867036
0.015151029
0.009535648
0.00042525324
-0.0030565753
0.009539176
0.017699486
0.012938898
0.022540597
0.0074512353
0.001339983
-0.016731145
-0.0032911475
0.013594857
0.020402264
0.021690937
0.018402485
0.0050130733
-0.011868816
-0.000735424
0.002523502
0.0025048347
0.0047701583
-0.013769122
0.0069075255
-0.013988333
-0.007393226
-0.018483205
0.00057288323
0.0039485483
-0.013839662
-0.0085554095
-0.011970371
-0.01852588
-0.03650735
-0.035939585
-0.020885328
-0.016586324
-0.009842916
-0.02158804
-0.0001016219
-0.0050169714
-0.0069408384
0.013666339
0.011811384
-0.0062318244
-0.017363003
-0.012429717
-0.018021878
-0.009578103
-0.0005729053
0.012009839
0.029949594
0.03818609
0.0175067
0.0046733604
0.008642042
0.020274865
0.002297318
-0.0042341687
0.010066867
-0.004811049
-0.025895908
-0.019587822
-0.008437736
-0.0124246385
-0.006727858
0.008810285
-0.001462574
0.019491669
0.033891764
0.04073174
0.0426866
0.02681633
0.0062174466
0.0096155135
-0.0026604861
-0.001192602
-0.006865237
0.0010393402
-0.014107619
-0.028075732
-0.04791195
-0.035835158
-0.020298135
-0.029063532
-0.028689215
-0.04107885
-0.035157226
-0.030794844
-0.020629538
-0.036389474
-0.029011251
-0.010784151
-0.019094078
-0.0035964574
-0.021952325
-0.017848937
-0.037159704
-0.053434867
-0.04468798
-0.06120929
-0.0606074
-0.06699267
-0.06082533
-0.03985973
-0.025794439
-0.031920888
-0.025603937
-0.030480582
-0.012082291
0.00011669144
-0.000021982349
0.019357586
0.025026668
0.026844015
0.04583483
0.029856855
0.03966295
0.020250592
0.020605715
0.035006605
0.025679182
0.026530394
0.01487669
0.025466258
0.03853019
0.032005288
0.01419425
0.0034344257
0.014646155
0.0022442914
0.0061473465
0.0074658636
0.0040549543
0.008453028
0.01175687
0.0033520972
0.0071146423
0.014438717
-0.004327672
-0.016534464
-0.00859004
0.011653741
0.025894409
0.020478494
0.028256366
0.029974798
0.048958663
0.056184012
0.06268369
0.048826437
0.057361137
0.04683145
0.058396917
0.066779114
0.049307805
0.059242494
0.045254454
0.036153246
0.038464006
0.028414981
0.033670537
0.023580285
0.040211454
0.036397487
0.017085074
0.010924774
-0.006429272
0.0090412395
-0.0016193197
-0.011578411
0.0037526935
0.016583879
0.02687285
0.010132146
0.010147081
0.027026184
0.015027872
-0.0024683566
-0.0025897634
-0.019182391
-0.022167185
-0.013410481
-0.030587675
-0.035958353
-0.030422477
-0.023111654
-0.0153094735
-0.035430882
-0.043384347
-0.060378477
-0.08056607
-0.08281781
-0.09406248
-0.08731635
-0.10463725
-0.08236769
-0.08417852
-0.078222446
-0.08266136
-0.09660668
-0.10153241
-0.117218666
-0.111807965
-0.108187005
-0.12006961
-0.13171233
-0.11301786
-0.10340202
-0.09806165
-0.098561466
-0.09067818
-0.07284046
-0.08761924
-0.093875796
-0.103784285
-0.09775867
-0.08733407
-0.082618065
-0.07338924
-0.05632888
-0.034008905
-0.046506796
-0.04063386
-0.033946358
-0.034577597
-0.0248001
-0.026600761
-0.021467853
-0.040490717
-0.061259076
-0.07690203
-0.08079645
-0.07783455
-0.08339948
-0.09333153
-0.092282206
-0.09765009
-0.08953199
-0.09937986
-0.09382494
-0.10624534
-0.11916146
-0.121149026
-0.11179633
-0.11568796
-0.126987
-0.117605984
-0.12395564
-0.13044351
-0.14901665
-0.12950325
-0.1266337
-0.13568574
-0.14147891
-0.118611075
-0.11763646
-0.1313338
-0.12042144
-0.0980948
-0.11428758
-0.116915956
-0.1046192
-0.108320385
-0.09667227
-0.10061977
-0.08901169
-0.07024436
-0.07818238
-0.09322153
-0.090778865
-0.0984504
-0.084935054
-0.088180155
-0.09796673
-0.09156238
-0.08281568
-0.08635988
-0.071087524
-0.07518038
-0.08544804
-0.10310797
-0.10991483
-0.12821308
-0.110528596
-0.117083654
-0.13034964
-0.1184162
-0.10315399
-0.085427
-0.09424978
-0.10555961
-0.11081476
-0.11157266
-0.123531334
-0.11994197
-0.13443404
-0.14501831
-0.13491033
-0.13140276
-0.10837662
-0.10065755
-0.07849748
-0.075173974
-0.06682003
-0.07538047
-0.082223125
-0.077302486
-0.054991078
-0.04488447
-0.04639357
-0.030029656
-0.048044883
-0.05884913
-0.036555395
-0.043289244
-0.022011753
-0.043048937
-0.041488532
-0.05861142
-0.037228875
-0.042097658
-0.04784134
-0.048627652
-0.06354999
-0.06921497
-0.08606804
-0.08077457
-0.07513849
-0.087998755
-0.099359035
-0.08700487
-0.09679149
-0.11267372
-0.09043568
-0.07676205
-0.074699886
-0.09332188
-0.0935845
-0.08033647
-0.06987954
-0.049550463
-0.05017024
-0.056834582
-0.0429101
-0.024168171
-0.022775207
