-0.8970372
-0.8945441
-0.9093171
-0.8916787
-0.9401103
-0.8582124
-0.86961645
-0.7338892
-0.8319142
-0.8071758
-0.83311987
-0.8525882
-0.78210735
-0.7110228
-0.7319637
-0.6617923
-0.6338006
-0.660912
-0.77384853
-0.6348443
-0.6373756
-0.64481163
-0.6356004
-0.7012284
-0.6973961
-0.6972902
-0.7239798
-0.732291
-0.7250056
-0.68662775
-0.6717876
-0.61332774
-0.67427677
-0.6090208
-0.6472025
-0.62418514
-0.6451312
-0.62007546
-0.652454
-0.56170595
-0.62763417
-0.6585784
-0.6687892
-0.6163702
-0.60022986
-0.4952491
-0.54421127
-0.44338113
-0.42995954
-0.5494214
-0.51178485
-0.5813082
-0.68108726
-0.6602515
-0.6372917
-0.61952376
-0.6845016
-0.62251604
-0.60544646
-0.5472097
-0.5401893
-0.54179287
-0.5365253
-0.4904408
-0.48821926
-0.57333446
-0.5339031
-0.59861356
-0.57651305
-0.6156259
-0.63750434
-0.5948088
-0.57157224
-0.5798237
-0.59580886
-0.5873997
-0.61317074
-0.59154165
-0.6046736
-0.6184164
-0.58025134
-0.6137744
-0.63524735
-0.5785847
-0.63683236
-0.51689106
-0.45235324
-0.3940345
-0.52093804
-0.48537254
-0.57693493
-0.6124979
-0.5302558
-0.50171447
-0.43668807
-0.46858078
-0.50370157
-0.51647043
-0.52522504
-0.5670558
-0.52662003
-0.5998262
-0.53288126
-0.52366954
-0.45963186
-0.5090631
-0.59874785
-0.65582347
-0.637328
-0.65576255
-0.7033933
-0.7971931
-0.69526273
-0.6859292
-0.7527732
-0.61220455
-0.5573119
-0.56682086
-0.6223071
-0.6653145
-0.65457225
-0.6562574
-0.61865896
-0.54908466
-0.66761005
-0.63007164
-0.60781896
-0.5597712
-0.5864651
-0.5758804
-0.595119
-0.6842917
-0.6130339
-0.668483
-0.7873405
-0.7645709
-0.7213694
-0.63001907
-0.5916263
-0.59092134
-0.49224526
-0.53115493
-0.61680084
-0.57556784
-0.6033963
-0.6506536
-0.5634744
-0.6089411
-0.6526234
-0.62348235
-0.576103
-0.521591
-0.6192057
-0.5866213
-0.5902241
-0.48648036
-0.51454306
-0.52212584
-0.5955467
-0.48021644
-0.5238266
-0.48459876
-0.42619544
-0.47114825
-0.49022436
-0.51936984
-0.421488
-0.41594148
-0.43917525
-0.4611119
-0.41273016
-0.4982682
-0.5623628
-0.5522009
-0.5522479
-0.48601335
-0.49269974
-0.56039226
-0.51189005
-0.49613637
-0.462196
-0.45081264
-0.38176775
-0.4384547
-0.45812958
-0.43410552
-0.48465943
-0.4779904
-0.6183012
-0.49845457
-0.5001983
-0.47696894
-0.52184093
-0.5965886
-0.5243991
-0.46685863
-0.4884159
-0.5387032
-0.55999243
-0.54847753
-0.55281425
-0.65234846
-0.5746088
-0.63538575
-0.6067405
-0.5468651
-0.5700151
-0.6400937
-0.66289425
-0.6661724
-0.6508541
-0.6885359
-0.6506365
-0.55756307
-0.61932117
-0.5773743
-0.58845854
-0.6199132
-0.6491512
-0.62209785
-0.62781584
-0.625671
-0.63466394
-0.6482242
-0.64681464
-0.7352325
-0.6836734
-0.62414026
-0.69782525
-0.6424158
-0.5764991
-0.55341375
-0.607226
-0.71475565
-0.68238664
-0.7100184
-0.6743292
-0.6503912
-0.63735235
-0.5959667
-0.69618696
-0.66023386
-0.5646265
-0.6431522
-0.6247263
-0.7326805
-0.6649462
-0.71636575
-0.61888385
-0.6537522
-0.68693936
-0.68973875
-0.615379
-0.6284512
-0.6763772
-0.64395475
-0.63417244
-0.7372112
-0.7294775
-0.7044412
-0.77759635
-0.7078087
-0.56702
-0.627216
-0.68403184
-0.74999803
-0.7102622
-0.7171532
-0.7812166
-0.7048081
-0.6621677
-0.6390159
-0.62483275
-0.6074762
-0.7233287
-0.6725443
-0.5841484
-0.6129724
-0.53537846
-0.52352744
-0.5634955
-0.63826776
-0.50807893
-0.61811423
-0.577654
-0.6171127
-0.714268
-0.7304779
-0.6529477
-0.5432957
-0.5789423
-0.5917325
-0.58192044
-0.6442319
-0.55762243
-0.6275487
-0.72013617
-0.68601614
-0.5850191
-0.5651808
-0.5652281
-0.5744599
-0.61957055
-0.59219277
-0.585191
-0.5364423
-0.56475866
-0.4799415
-0.5702807
-0.5167699
-0.6289793
-0.54045796
-0.5912955
-0.49781537
-0.4712081
-0.53043157
-0.6203011
-0.6866448
-0.58220124
-0.5404395
-0.541416
-0.51417786
-0.57153404
-0.5008653
-0.48515707
-0.42806756
-0.48183268
-0.47274655
-0.53039944
-0.4813397
-0.48027217
-0.52719283
-0.52024806
-0.56664693
-0.47649372
-0.48886162
-0.5483453
-0.5269567
-0.48397738
-0.51722366
-0.5443958
-0.5557562
-0.56659317
-0.5992198
-0.52814
-0.49433744
-0.49623322
-0.49760115
-0.44877678
-0.49049538
-0.48116708
-0.46244663
-0.50599575
-0.5343374
-0.59203804
-0.54614764
-0.5771985
-0.60538006
-0.5509354
-0.6077527
-0.6073966
-0.5762131
-0.5470797
-0.6109835
-0.58565056
-0.61181253
-0.60064983
-0.5703258
-0.4806475
-0.47193706
-0.54951704
-0.63452834
-0.5521118
-0.5948212
-0.54255354
-0.4111653
-0.5186392
-0.4699818
-0.5093729
-0.4948758
-0.5015119
-0.5403731
-0.5700365
-0.5357736
-0.5721272
-0.4856037
-0.44298768
-0.47230995
-0.40084976
-0.37348992
-0.4498784
-0.54037464
-0.5336064
-0.5344788
-0.55004346
-0.6285794
-0.5828608
-0.46325898
-0.46719635
-0.591749
-0.6069557
-0.65123796
-0.6127703
-0.5679313
-0.63821256
-0.59377784
-0.5597758
-0.57966137
-0.5321771
-0.6289704
-0.6557959
-0.7063725
-0.64813495
-0.59753144
-0.6364693
-0.57428586
-0.56089413
-0.60654944
-0.6257905
-0.6272516
-0.52746177
-0.56667686
-0.54980296
-0.5461705
-0.5679841
-0.61116564
-0.53467834
-0.474603
-0.47149873
-0.4870118
-0.52520776
-0.5080501
-0.3838359
-0.46434104
-0.5390575
-0.4641205
-0.35206586
-0.40542483
-0.4687056
-0.5135958
-0.49187285
-0.4512239
-0.49880296
-0.48046303
-0.5122938
-0.46663314
-0.40718812
-0.5019729
-0.48707926
-0.47308183
-0.5073997
-0.54048854
-0.5435713
-0.4801646
-0.49294728
-0.4915614
-0.42635822
-0.5104008
-0.48799878
-0.4993493
-0.5225326
-0.4547029
-0.49966973
-0.48588985
-0.5607374
-0.55766344
-0.49642324
-0.47890556
-0.5070606
-0.54366577
-0.5656169
-0.5953625
-0.57389855
-0.5182208
-0.5276865
-0.59904146
-0.49693072
-0.5485463
-0.5567802
-0.5805454
-0.5812723
-0.52589846
-0.5500159
-0.591046
-0.54329544
-0.5435583
-0.4689507
-0.4862811
-0.44185358
-0.47540873
-0.4766028
-0.48977453
-0.49645895
-0.5167025
-0.46250546
-0.53248996
-0.602791
-0.5242748
-0.6163008
-0.6049536
-0.55097747
-0.59132785
-0.5105049
-0.5984397
-0.620641
-0.62456894
-0.5486723
-0.59854996
-0.5893887
-0.5503179
-0.58154035
-0.48241132
-0.44299173
-0.5760039
-0.5553728
-0.48010933
-0.4342844
-0.36800414
-0.46765143
-0.43916285
-0.4246683
-0.4361996
-0.42100954
-0.46302724
-0.42239064
-0.41944867
-0.41296202
-0.4168678
-0.40126795
-0.42716742
-0.4190815
-0.37162727
-0.45231837
-0.39917254
-0.41443014
-0.3855328
-0.44107968
-0.3893124
-0.40339077
-0.44070327
-0.47412366
-0.44966978
-0.5213278
-0.42387873
-0.4503098
-0.479963
-0.48662305
-0.51084954
-0.40962356
-0.46922928
-0.4318589
-0.4265083
-0.42028832
-0.42015117
-0.38392174
-0.37772822
-0.34563416
-0.31667274
-0.39599472
-0.37472373
-0.36868674
-0.33774596
-0.29092604
-0.32490814
-0.3291741
-0.4271747
-0.43979764
-0.47780502
-0.36695278
-0.3745286
-0.40065455
-0.436747
-0.41051733
-0.41058028
-0.46537763
-0.41562355
-0.40672922
-0.38125288
-0.34314102
-0.3152691
-0.33657652
-0.36728317
-0.40050852
-0.34367603
-0.24477422
-0.3022046
-0.38491702
-0.46613342
-0.3863392
-0.46410775
-0.5024038
-0.35745132
-0.34440827
-0.37599683
-0.37041008
-0.33358353
-0.38019758
-0.3483103
-0.2480939
-0.31326044
-0.41102654
-0.40290374
-0.36940593
-0.33136392
-0.35231334
-0.37553394
-0.33523506
-0.4517181
-0.3924126
-0.37476414
-0.38327426
-0.29577416
-0.37791842
-0.41001594
-0.3571322
-0.40115452
-0.42097384
-0.35028523
-0.30204266
-0.35988814
-0.38375062
-0.41427875
-0.47359538
-0.44207275
-0.48125458
-0.40955472
-0.49292368
-0.4672339
-0.46616882
-0.39907098
-0.36227715
-0.36313415
-0.3346417
-0.41067964
-0.40207714
-0.46062958
-0.40797973
-0.50184953
-0.39190054
-0.42170852
-0.5431763
-0.49707144
-0.36838382
-0.4103194
-0.4726265
-0.47533005
-0.50110483
-0.43747783
-0.42706192
-0.5449877
-0.4368468
-0.3611822
-0.40868628
-0.4088229
-0.41369182
-0.44022173
-0.4852543
-0.4351008
-0.38340974
-0.5297736
-0.45316893
-0.346968
-0.378132
-0.43178374
-0.48692608
-0.5680433
-0.51478684
-0.5545969
-0.58144534
-0.6127782
-0.58164173
-0.6310233
-0.55291396
-0.50134194
-0.51065284
-0.4521591
-0.3752892
-0.44317824
-0.51625
-0.4738037
-0.42235494
-0.3873338
-0.44107455
-0.3891706
-0.40178835
-0.33617175
-0.30624038
-0.33461994
-0.32824904
-0.34726435
-0.27353156
-0.32725203
-0.3758031
-0.42060024
-0.39533144
-0.3682379
-0.45583063
-0.42505366
-0.4510625
-0.43330067
-0.38465273
-0.37595087
-0.40234154
-0.41660082
-0.43137783
-0.4101441
-0.31389898
-0.38110417
-0.4259197
-0.48248154
-0.45309532
-0.49173868
-0.38668
-0.37208825
-0.41359222
-0.39195925
-0.47400242
-0.55614066
-0.48587918
-0.47999597
-0.49610382
-0.47573733
-0.43814588
-0.42099732
-0.43012965
-0.53742063
-0.5051974
-0.52220464
-0.55372804
-0.5274718
-0.46133375
-0.47134387
-0.51576126
-0.39780152
-0.4171185
-0.3975535
-0.4024356
-0.48228842
-0.49987787
-0.47668874
-0.58218014
-0.57924837
-0.558472
-0.49571443
-0.5403812
-0.4377846
-0.43349332
-0.4937089
-0.4967608
-0.55535007
-0.46322554
-0.50810266
-0.63627857
-0.58924377
-0.54365706
-0.45517284
-0.46647608
-0.5279633
-0.6192627
-0.59729946
-0.5019139
-0.43594843
-0.524929
-0.5696435
-0.62012845
-0.5285331
-0.57451457
-0.50783646
-0.5201094
-0.5165373
-0.4241364
-0.48295754
-0.4661858
-0.56186897
-0.57259893
-0.48339057
-0.44929278
-0.37909418
-0.3910699
-0.4793895
-0.49558836
-0.5343687
-0.50837123
-0.4927827
-0.3985566
-0.4129206
-0.4776898
-0.45194763
-0.45429957
-0.54917574
-0.50682986
-0.44769728
-0.5828153
-0.47583348
-0.49708343
-0.47709
-0.49070948
-0.5557348
-0.50557935
-0.4726969
-0.4823327
-0.5844872
-0.50310975
-0.5716337
-0.5683397
-0.4876402
-0.50154555
-0.574568
-0.59646976
-0.613147
-0.54832584
-0.50000966
-0.5230603
-0.5703287
-0.47236538
-0.42949283
-0.45951742
-0.46026522
-0.42236173
-0.50674367
-0.5537884
-0.52824974
-0.49748963
-0.4365664
-0.46533692
-0.47179383
-0.43773997
-0.5044681
-0.42798263
-0.4762299
-0.4664569
-0.5463037
-0.45751613
-0.47116977
-0.46877742
-0.4296791
-0.41715354
-0.4441707
-0.45089728
-0.41508335
-0.3720261
-0.31642294
-0.40210235
-0.43334734
-0.43808436
-0.43357956
-0.3877005
-0.40999454
-0.38535148
-0.389459
-0.42411518
-0.45588553
-0.44653934
-0.48923385
-0.42638725
-0.41207594
-0.4190988
-0.47029817
-0.36616486
-0.40295643
-0.38368958
-0.4291435
-0.41949403
-0.4157238
-0.44488513
-0.35964417
-0.39201218
-0.34695
-0.41445673
-0.41585398
-0.42503893
-0.42573
-0.43177354
-0.50258625
-0.45230502
-0.40987766
-0.46938115
-0.45857203
-0.47289127
-0.43312746
-0.40177017
-0.44636375
-0.49841136
-0.5666729
-0.4837501
-0.41498703
-0.4610979
-0.41983932
-0.5247469
-0.53308606
-0.44722986
-0.47922122
-0.43999785
-0.4436192
-0.5151229
-0.46661758
-0.4460302
-0.50025004
-0.49361068
-0.482942
-0.4763977
-0.54622895
-0.5113226
-0.5075022
-0.52028906
-0.46083432
-0.44639784
-0.5064918
-0.49598104
-0.45740438
-0.5423345
-0.49791336
-0.55869174
-0.5653833
-0.52808666
-0.4106927
-0.47920197
-0.5121577
-0.42645663
-0.3661331
-0.43253034
-0.49307913
-0.4214939
-0.45438105
-0.37970072
-0.35249865
-0.48135835
-0.45713258
-0.43093038
-0.39651585
-0.46427578
-0.5834964
-0.54508567
-0.4968108
-0.51399255
-0.42437583
-0.5243988
-0.5384115
-0.5308541
-0.46453232
-0.34391677
-0.31136018
-0.32491666
-0.35911918
-0.41061032
-0.45092797
-0.40217018
-0.4605918
-0.4689858
-0.4483474
-0.44492364
-0.45840162
-0.46072215
-0.4308493
-0.43454957
-0.36734545
-0.36819333
-0.40050822
-0.5144738
-0.41563743
-0.45431834
-0.4222067
-0.3335657
-0.3756551
-0.3572762
-0.49445748
-0.42779344
-0.46181804
-0.5187336
-0.45841575
-0.51262665
-0.5423819
-0.54325277
-0.59152436
-0.45454925
-0.426628
-0.5199925
-0.47292924
-0.35455966
-0.40304112
-0.42068595
-0.4384293
-0.36982358
-0.42393726
-0.34087682
-0.4159941
-0.467537
-0.52033246
-0.45179313
-0.3918187
-0.42119986
-0.44282633
-0.39562452
-0.3332699
-0.33439982
-0.2654522
-0.38936144
-0.362283
-0.31252152
-0.26258826
-0.23124146
-0.29103756
-0.27958858
-0.33649236
-0.36060452
-0.2760384
-0.3350569
-0.36536443
-0.3361925
-0.37950236
-0.43775785
-0.4261796
-0.38573498
-0.38568693
-0.41414934
-0.43067104
-0.44157255
-0.36681187
-0.3282445
-0.35732663
-0.4188435
-0.39712358
-0.361086
-0.30886793
-0.31803674
-0.35079062
-0.37826735
-0.36925793
-0.3701555
-0.37081015
-0.39613456
-0.43586403
-0.3784117
-0.41139805
-0.32340312
-0.39669496
-0.37093073
-0.39490187
-0.44887006
-0.3932187
-0.3659882
-0.42386043
-0.41062605
-0.39325297
-0.4182726
-0.32566142
-0.2668246
-0.28626198
-0.22468203
-0.24968714
-0.3353722
-0.33108908
-0.4235435
-0.38407904
-0.39456397
-0.41877627
-0.4498387
-0.38762587
-0.45640957
-0.44320434
-0.36018276
-0.44324386
-0.4602409
-0.41370887
-0.43643957
-0.4268983
-0.40104276
-0.3433922
-0.33236253
-0.30283964
-0.32244825
-0.39913428
-0.33258414
-0.34989476
-0.3155644
-0.37231648
-0.41176057
-0.40460575
-0.4627819
-0.5296203
-0.49518
-0.4432752
-0.49699557
-0.441822
-0.41104722
-0.44788045
-0.47245032
-0.4129501
-0.3816033
-0.42571723
-0.37420762
-0.4202286
-0.4521441
-0.54092586
-0.51980233
-0.52189577
-0.38682312
-0.4404016
-0.40024704
-0.35340828
-0.36732882
-0.44217682
-0.42902172
-0.32530558
-0.37591517
-0.28558284
-0.2919106
-0.34373218
-0.3065287
-0.32014257
-0.38008422
-0.4531554
-0.47955644
-0.37852675
-0.45028675
-0.4043464
-0.34448266
-0.41961437
-0.37210923
-0.35835928
-0.29567987
-0.2714681
-0.40489548
-0.35751903
-0.39403296
-0.3532244
-0.35658956
-0.295699
-0.31590962
-0.2856815
-0.33339202
-0.3193956
-0.32471567
-0.40925586
-0.34644663
-0.3594069
-0.37976062
-0.3697706
-0.39074916
-0.37380767
-0.31750554
-0.31887555
-0.3223142
-0.28792572
-0.31177372
-0.27930123
-0.26650375
-0.2717365
-0.2767269
-0.19315064
-0.2821648
-0.20494878
-0.19243914
-0.25743222
-0.28411132
-0.24159265
-0.3263989
-0.26435423
-0.2674989
-0.35569018
-0.34257168
-0.3763687
-0.3171454
-0.3839029
-0.39981788
-0.31438327
-0.34723234
-0.36920446
-0.38944924
-0.37156844
-0.32761973
-0.2323125
-0.2770666
-0.31072736
-0.3274758
-0.27380985
-0.24878675
-0.25047922
-0.27690005
-0.29567587
-0.21128619
-0.26289153
-0.19285709
-0.17950463
-0.26645875
-0.32923168
-0.24556363
-0.25642055
-0.30516893
-0.29644555
-0.23494917
-0.29824317
-0.35884988
-0.33628815
-0.3623259
-0.36355639
-0.42654818
-0.3417313
-0.3065018
-0.3619895
-0.36485708
-0.37236255
-0.3499369
-0.29439616
-0.2989434
-0.27238065
-0.3914634
-0.26720643
-0.3132044
-0.25723028
-0.26783234
-0.3104881
-0.25533223
-0.2555967
-0.27127647
-0.35314572
-0.35013247
-0.30740827
-0.26080006
-0.23776513
-0.34130245
-0.3729809
-0.26235425
-0.29497707
-0.25130486
-0.21510822
-0.2929486
-0.36412483
-0.3586319
-0.37967962
-0.36565548
-0.26359826
-0.395617
-0.3940432
-0.33698797
-0.37404925
-0.33716244
-0.28204584
-0.37461323
-0.3386041
-0.36245394
-0.2886091
-0.3099274
-0.36241174
-0.34785467
-0.31182563
-0.25714147
-0.24670386
-0.2873972
-0.38459456
-0.32652593
-0.2691862
-0.30851144
-0.26525867
-0.29718322
-0.32630312
-0.30183774
-0.37462342
-0.40451866
-0.44913828
-0.3728267
-0.29819852
-0.32340032
-0.37444365
-0.2872799
-0.28284442
-0.25459236
-0.2636459
-0.3193661
-0.4018951
-0.289658
-0.35553598
-0.30542886
-0.305373
-0.39195955
-0.39357835
-0.29472095
-0.33632588
-0.39912248
-0.39197725
-0.43531835
-0.4585129
-0.43046516
-0.48164934
-0.41994673
-0.4327494
-0.51286775
-0.4054004
-0.40682328
-0.35596335
-0.35404497
-0.3994264
-0.36283356
-0.35185093
-0.39637774
-0.31847006
-0.38443738
-0.36290067
-0.34495354
-0.40069717
-0.35979116
-0.33978885
-0.34723777
-0.39520365
-0.42225873
-0.41450256
-0.44111186
-0.44383448
-0.43476588
-0.4559651
-0.4614979
-0.42014182
-0.32517022
-0.3135978
-0.32882887
-0.3657595
-0.34804708
-0.3838578
-0.33488393
-0.34256464
-0.34935784
-0.37438416
-0.27743703
-0.30408025
-0.26525414
-0.24278617
-0.30388814
-0.3036496
-0.3305301
-0.30141473
-0.22164768
-0.18167806
-0.28765595
-0.30210918
-0.35734922
-0.33839816
-0.29944378
-0.32198054
-0.30183756
-0.36351854
-0.29718947
-0.25219953
-0.28530258
-0.26452297
-0.17829275
-0.22597456
-0.31192166
-0.3252225
-0.35416782
-0.406897
-0.331102
-0.35021555
-0.35642147
-0.2603265
-0.22185767
-0.2695908
-0.21467423
-0.30336785
-0.23609304
-0.24645483
-0.2460506
-0.31145823
-0.29156834
-0.2476154
-0.27958798
-0.27410495
-0.23217607
-0.33529955
-0.34638393
-0.32635146
-0.2943325
-0.36485767
-0.34263384
-0.45153105
-0.43681407
-0.4626711
-0.4782132
-0.39937538
-0.4020533
-0.35099417
-0.4411252
-0.43679273
-0.38569093
-0.41036493
-0.43370593
-0.335128
-0.43782467
-0.35805583
-0.38010877
-0.35269606
-0.3451624
-0.34427476
-0.3219127
-0.37298357
-0.26936704
-0.2929263
-0.35901862
-0.29562622
-0.36204463
-0.35968888
-0.2904399
-0.2741236
-0.2723112
-0.30050778
-0.39120317
-0.3198424
-0.34780008
-0.29668933
-0.351398
-0.4073853
-0.51782
-0.4621536
-0.48518878
-0.34964514
-0.39994186
-0.39361316
-0.41569084
-0.4212361
-0.33757955
-0.37082732
-0.32416523
-0.43080103
-0.3540213
-0.38229334
-0.39052665
-0.36224264
-0.4888649
-0.45620954
-0.47505862
-0.4055782
-0.3607
-0.41644835
-0.4418751
-0.48463273
-0.5081723
-0.51429796
-0.49392676
-0.5154184
-0.44288492
-0.47995454
-0.46663505
-0.4694609
-0.41291636
-0.4859987
-0.5051758
-0.4801846
-0.50060046
-0.39771175
-0.3470658
-0.33497298
-0.40441406
-0.44665664
-0.34572148
-0.37645125
-0.42219025
-0.2902192
-0.28845602
-0.33796054
-0.34441912
-0.24225545
-0.29875988
-0.31673515
-0.38355875
-0.35068667
-0.26968855
-0.1831969
-0.25701624
-0.26993448
-0.25998586
-0.3794335
-0.4218219
-0.41036022
-0.3791288
-0.26154846
-0.37024295
-0.32251388
-0.29604393
-0.32285827
-0.36567616
-0.39179295
-0.47786266
-0.48763174
-0.44322127
-0.48528755
-0.46106982
-0.41532743
-0.42450887
-0.42712456
-0.3885216
-0.4752546
-0.4504435
-0.40582478
-0.4243363
-0.29234117
-0.29985613
-0.32248312
-0.3626796
-0.39632124
-0.41525954
-0.43514907
-0.4916247
-0.4201073
-0.34701347
-0.3743605
-0.37365043
-0.41279685
-0.44674248
-0.41128385
-0.39315903
-0.39003432
-0.34092653
-0.31272262
-0.4305306
-0.4621256
-0.4421528
-0.45201135
-0.43176305
-0.35678285
-0.46878225
-0.4644047
-0.4724431
-0.4547748
-0.41644788
-0.40305638
-0.5246159
-0.53366256
-0.43604106
-0.45891088
-0.42267567
-0.3739786
-0.47792578
-0.4528498
-0.4001279
-0.46625698
-0.45088494
-0.560367
-0.5185369
-0.5034706
-0.4717031
-0.53309906
-0.57716066
-0.5529449
-0.43769163
-0.38906723
-0.48074657
-0.48239762
-0.42332232
-0.45764416
-0.43642277
-0.43278396
-0.47678977
-0.49792773
-0.46715647
-0.48165417
-0.4782579
-0.49799448
-0.39896053
-0.4325918
-0.46565634
-0.42558253
-0.4206586
-0.4155633
-0.4374507
-0.5049833
-0.52744484
-0.4613896
-0.49191076
-0.49961203
-0.53116214
-0.5419075
-0.55104506
-0.5040988
-0.45883447
-0.49906164
-0.536361
-0.6015958
-0.5703012
-0.4802696
-0.4588015
-0.4441222
-0.45276684
-0.46301484
-0.46298355
-0.5249809
-0.5664122
-0.60443205
-0.5745102
-0.5223187
-0.46709228
-0.38397956
-0.42396206
-0.4543482
-0.46769458
-0.4444632
-0.526793
-0.49523854
-0.55022043
-0.5641817
-0.52758646
-0.54029393
-0.5723865
-0.47482973
-0.4917649
-0.5343414
-0.5144912
-0.5512126
-0.5674591
-0.49283695
-0.4880951
-0.42849314
-0.4689896
-0.43554312
-0.44125473
-0.5229957
-0.5155397
-0.522153
-0.4993906
-0.40807647
-0.40876096
-0.44658095
-0.4259225
-0.4965312
-0.5125788
-0.5348224
-0.5041373
-0.52780426
-0.5222978
-0.47847176
-0.46839184
-0.4134794
-0.39384747
-0.42319012
-0.4278171
-0.4238497
-0.36862922
-0.4657752
-0.44106895
-0.3925104
-0.47265887
-0.52811545
-0.4362967
-0.5030018
-0.59325707
-0.57130367
-0.54800653
-0.42067116
-0.41299576
-0.44020247
-0.36361867
-0.45733207
-0.48342413
-0.5246843
-0.5312982
-0.5327673
-0.5996196
-0.58564055
-0.56181234
-0.5299634
-0.5828725
-0.49415004
-0.49115998
-0.5216267
-0.47159582
-0.5057655
-0.49762636
-0.41092002
-0.45224655
-0.49246162
-0.5366775
-0.5013746
-0.5559912
-0.5358221
-0.4643458
-0.46511608
-0.5322348
-0.44697767
-0.5470817
-0.5811168
-0.49324143
-0.49522322
-0.47839856
-0.5519233
-0.47339076
-0.5277624
-0.53406656
-0.5098577
-0.48642337
-0.34651572
-0.39689296
-0.5067091
-0.4909793
-0.446674
-0.45153016
-0.48059744
-0.5158379
-0.4471274
-0.46388793
-0.49052608
-0.4155228
-0.45634824
-0.4271214
-0.47821718
-0.41494393
-0.4597199
-0.45576465
-0.46693575
-0.41905177
-0.47930193
-0.47346157
-0.41660744
-0.35001224
-0.31753147
-0.3931433
-0.3756492
-0.37715656
-0.48214227
-0.40409142
-0.42464918
-0.47782886
-0.59310806
-0.592831
-0.5493603
-0.4447314
-0.45182824
-0.4848721
-0.5437734
-0.5510107
-0.59355855
-0.6687356
-0.6596414
-0.6169884
-0.6576046
-0.672444
-0.6761856
-0.67662764
-0.586898
-0.5978694
-0.52049434
-0.582513
-0.53668976
-0.48058665
-0.48461306
-0.51766753
-0.542397
-0.48865652
-0.59248865
-0.529168
-0.5583318
-0.5386551
-0.47588837
-0.43656057
-0.5192188
-0.5554789
-0.5940232
-0.57487696
-0.5209435
-0.5621476
-0.57149404
-0.47871464
-0.5504664
-0.5286063
-0.61627376
-0.63128597
-0.62865126
-0.5111747
-0.5404177
-0.5426626
-0.42477942
-0.47193974
-0.4267556
-0.54544276
-0.44971985
-0.47129476
-0.58358306
-0.5232208
-0.38112038
-0.5011493
-0.40015733
-0.47130412
-0.48863083
-0.44029486
-0.48772264
-0.45753753
-0.4101727
-0.4512577
-0.39014018
-0.35093158
-0.42529362
-0.41902965
-0.4918614
-0.5176814
-0.46074283
-0.47174406
-0.37974745
-0.49303216
-0.4045428
-0.37242985
-0.44531983
-0.42090994
-0.514729
-0.41014057
-0.42268324
-0.4365406
-0.3881184
-0.4119509
-0.37093455
-0.34502625
-0.4862342
-0.44954783
-0.52388084
-0.49755883
-0.62307
-0.5709826
-0.57136285
-0.6006148
-0.54473144
-0.593725
-0.51890326
-0.4896965
-0.5234381
-0.48215586
-0.4567939
-0.55037546
-0.57357645
-0.44406474
-0.5211128
-0.5211873
-0.5064958
-0.5584557
-0.5572053
-0.49076986
-0.5431997
-0.5310303
-0.4826005
-0.5065687
-0.43645775
-0.4862498
-0.5123251
-0.5222513
-0.5041683
-0.48652673
-0.41268802
-0.42292887
-0.43957245
-0.5011339
-0.53013396
-0.46614754
-0.48254806
-0.49807388
-0.39957386
-0.33492875
-0.31066465
-0.373199
-0.501191
-0.44276983
-0.37760097
-0.32968324
-0.3127495
-0.33374625
-0.30535436
-0.31656557
-0.32087415
-0.27784085
-0.33006513
-0.29437298
-0.3496279
-0.34208608
-0.33807892
-0.3436466
-0.30558622
-0.41108233
-0.33960176
-0.38668734
-0.4705122
-0.4077981
-0.34259093
-0.41273588
-0.382546
-0.40689105
-0.39771658
-0.379979
-0.3284436
-0.34773374
-0.30276024
-0.3570941
-0.32384306
-0.33161032
-0.42736113
-0.3123818
-0.3096226
-0.40907222
-0.47251248
-0.52352446
-0.41695315
-0.4059276
-0.3819428
-0.44181442
-0.34774852
-0.4325456
-0.33500457
-0.2725817
-0.26412022
-0.29707927
-0.27215683
-0.3243307
-0.42103344
-0.37723148
-0.35950816
-0.33979273
-0.43213177
-0.3287239
-0.38235003
-0.37130147
-0.4109553
-0.358176
-0.39463413
-0.35364443
-0.27757263
-0.37010837
-0.43422294
-0.32859457
-0.39298427
-0.43968356
-0.55013597
-0.4320681
-0.39019054
-0.42416263
-0.4819914
-0.5163755
-0.4503544
-0.5057681
-0.44687676
-0.5063742
-0.4611286
-0.51936543
-0.58159304
-0.55333805
-0.5505627
-0.4263445
-0.36725384
-0.44550484
-0.481494
-0.4356259
-0.43515438
-0.4341157
-0.4830491
-0.43773067
-0.46948034
-0.41688448
-0.45270622
-0.39668423
-0.37360954
-0.4294809
-0.35455114
-0.447145
-0.46808875
-0.4417116
-0.47657102
-0.50957847
-0.55726993
-0.5655182
-0.5147507
-0.5064914
-0.47338015
-0.46649468
-0.4676441
-0.43328762
-0.44910192
-0.5698422
-0.4959603
-0.3930527
-0.52613485
-0.46331125
-0.51851714
-0.5548657
-0.5822573
-0.55522704
-0.57562363
-0.56086457
-0.5762337
-0.5865947
-0.52849627
-0.5203996
-0.6444087
-0.495014
-0.47474742
-0.5683393
-0.55375934
-0.55282605
-0.561864
-0.61422426
-0.58456826
-0.60843766
-0.59284484
-0.52132434
-0.5472622
-0.54338056
-0.64925534
-0.6246067
-0.54696167
-0.55921316
-0.5576288
-0.54799193
-0.5967233
-0.51843
-0.4827062
-0.46884048
-0.40044844
-0.49175835
-0.43153423
-0.47078758
-0.3958584
-0.3531139
-0.4138013
-0.38568294
-0.46160758
-0.46886337
-0.4420092
-0.37278754
-0.48941386
-0.49299794
-0.43789035
-0.4863845
-0.4198494
-0.50386363
-0.44083077
-0.35397232
-0.4010949
-0.43443286
-0.4888761
-0.46436542
-0.43147433
-0.39858615
-0.42424262
-0.5364133
-0.58503413
-0.54770136
-0.51689124
-0.4350648
-0.51860404
-0.5495127
-0.5323213
-0.5275827
-0.47751987
-0.4937114
-0.4530357
-0.49677724
-0.44324976
-0.47598934
-0.49912488
-0.51265705
-0.52238536
-0.48518115
-0.44871533
-0.4966005
-0.44467145
-0.36892217
-0.4068963
-0.50579697
-0.4006768
-0.41660142
-0.33637106
-0.34908718
-0.396793
-0.3964007
-0.47529674
-0.47204214
-0.49763268
-0.5647962
-0.54717934
-0.39788693
-0.4371621
-0.4588169
-0.5073097
-0.5261769
-0.4909132
-0.59287965
-0.58012176
-0.5274075
-0.45485502
-0.42821145
-0.4555148
-0.48071235
-0.53900033
-0.4740715
-0.45620716
-0.4680434
-0.46773
-0.49329334
-0.45794475
-0.48006946
-0.44891667
-0.54357064
-0.5130639
-0.5109033
-0.4230271
-0.35289252
-0.42426616
-0.4690528
-0.54248345
-0.5285032
-0.56326956
-0.49525642
-0.37953848
-0.44670296
-0.44848323
-0.47976494
-0.38895422
-0.33837456
-0.33611888
-0.35700125
-0.38285267
-0.2692837
-0.42655772
-0.3795125
-0.4409442
-0.4050933
-0.35201514
-0.431934
-0.51790893
-0.44523114
-0.40642345
-0.5603656
-0.4177276
-0.4281302
-0.46313918
-0.3253126
-0.4284876
-0.38231826
-0.47435606
-0.46773523
-0.50420856
-0.5341543
-0.5400288
-0.58620155
-0.49794608
-0.4589435
-0.4163773
-0.42784905
-0.35811806
-0.3741715
-0.46050346
-0.46992862
-0.50806046
-0.5114517
-0.51523316
-0.5708492
-0.5610319
-0.6172949
-0.56146026
-0.5785761
-0.5704488
-0.64041877
-0.64029783
-0.50557953
-0.51191545
-0.5942377
-0.6160747
-0.5099067
-0.4436366
-0.4131791
-0.40464956
-0.46797043
-0.3825947
-0.36770576
-0.49632174
-0.527892
-0.5123413
-0.5172906
-0.45965523
-0.396605
-0.42182213
-0.5080695
-0.46568018
-0.4553603
-0.45786005
-0.4879138
-0.51739824
-0.5630934
-0.4776885
-0.59489846
-0.5133363
-0.46626836
-0.43564093
-0.48964334
-0.46896154
-0.43764788
-0.39293444
-0.47638416
-0.5766785
-0.48605603
-0.64404535
-0.5861761
-0.5612339
-0.5674844
-0.4840907
-0.55191123
-0.50917226
-0.5075088
-0.43276888
-0.47155076
-0.58894265
-0.5183343
-0.6341892
-0.5237912
-0.4877953
-0.5938768
-0.5363791
-0.57624775
-0.45561033
-0.45007908
-0.44022262
-0.44464827
-0.48960155
-0.41590255
-0.37870312
-0.50351155
-0.44141352
-0.50159705
-0.5069128
-0.47297806
-0.41904444
-0.5294955
-0.4186043
-0.335999
-0.2353884
-0.38009763
-0.3289069
-0.31321788
-0.37862587
-0.41072184
-0.46572006
-0.3530572
-0.4300447
-0.39441943
-0.47369272
-0.52154255
-0.44728905
-0.39944184
-0.4709686
-0.4861384
-0.6039373
-0.5320046
-0.45372522
-0.547182
-0.4368732
-0.4195416
-0.4570397
-0.45407337
-0.39465928
-0.46767777
-0.37745392
-0.3648187
-0.5085746
-0.42571992
-0.45985526
-0.41042286
-0.4220819
-0.38326204
-0.48865515
-0.48226464
-0.5045124
-0.4470393
-0.4428498
-0.48085594
-0.43017447
-0.49502212
-0.5971229
-0.5121975
-0.6067484
-0.5673521
-0.59880567
-0.57251257
-0.6253664
-0.5481918
-0.5508518
-0.5474986
-0.49758363
-0.65968555
-0.5377556
-0.54738164
-0.5683713
-0.5207467
-0.41266757
-0.43893927
-0.52684855
-0.5404458
-0.47894228
-0.4795013
-0.43091428
-0.43149453
-0.45317733
-0.3937047
-0.43486512
-0.5355753
-0.6410154
-0.5947423
-0.5720388
-0.5644569
-0.58165836
-0.6098104
-0.6444613
-0.52994955
-0.5506403
-0.58319974
-0.561919
-0.499452
-0.46575522
-0.49251485
-0.4755237
-0.5204406
-0.51425195
-0.54592896
-0.53892374
-0.5432899
-0.60701704
-0.48638964
-0.508096
-0.51070553
-0.58372915
-0.551178
-0.53293955
-0.572754
-0.5468826
-0.5409206
-0.48373342
-0.53099096
-0.48382574
-0.5400702
-0.47419268
-0.4822045
-0.5477247
-0.47908676
-0.42503917
-0.48000157
-0.39065385
-0.49200046
-0.49320883
-0.5014969
-0.43270266
-0.38984287
-0.42272788
-0.4065268
-0.35116583
-0.43245363
-0.41060293
-0.5044065
-0.5358447
-0.4894215
-0.39580053
-0.38339716
-0.4830343
-0.4412341
-0.48649377
-0.45507938
-0.5730043
-0.4910307
-0.4778251
-0.45987475
-0.48615193
-0.446052
-0.48446202
-0.49149048
-0.47701108
-0.5439577
-0.58382213
-0.54328614
-0.48719156
-0.5093424
-0.38815826
-0.41095424
-0.32204008
-0.35481662
-0.31814075
-0.44814366
-0.44098228
-0.422786
-0.46234286
-0.39232194
-0.44040954
-0.5492879
-0.5327705
-0.40455043
-0.44383985
-0.48130935
-0.45854205
-0.43256247
-0.4244845
-0.5246793
-0.50419784
-0.46442598
-0.46580398
-0.41609776
-0.3791672
-0.5007707
-0.45680106
-0.47397065
-0.45661712
-0.4564396
-0.4343118
-0.5332594
-0.56792736
-0.49238318
-0.3617615
-0.4041738
-0.42459065
-0.40087247
-0.38234562
-0.43108678
-0.43994415
-0.40039772
-0.3755839
-0.42384487
-0.3718713
-0.4898886
-0.4536599
-0.44178045
-0.53068334
-0.526986
-0.53648645
-0.53446794
-0.5518609
-0.5290948
-0.47842985
-0.5694011
-0.5553587
-0.5371505
-0.56253713
-0.54723275
-0.484698
-0.5028024
-0.41478133
-0.43760246
-0.48468882
-0.40671867
-0.37480307
-0.3025151
-0.30367458
-0.24730527
-0.24005538
-0.2729538
-0.32030582
-0.29926378
-0.2901674
-0.2907431
-0.34854496
-0.28537875
-0.24954373
-0.3156699
-0.27144474
-0.2403925
-0.29680234
-0.2603923
-0.30659682
-0.35998446
-0.3747809
-0.39223582
-0.3830561
-0.4955331
-0.45957392
-0.35697693
-0.3147151
-0.3453359
-0.31477267
-0.27367973
-0.24564165
-0.29956895
-0.2974432
-0.3209715
-0.415263
-0.36112744
-0.32182467
-0.31423408
-0.22981364
-0.2983688
-0.30383402
-0.40693736
-0.36254162
-0.39330095
-0.3537354
-0.39838994
-0.25797963
-0.30481303
-0.2842145
-0.24766487
-0.33993924
-0.38014877
-0.34367365
-0.36322582
-0.3298449
-0.29719895
-0.30339736
-0.34614044
-0.24433243
-0.2765259
-0.36096483
-0.37861657
-0.4447592
-0.39670622
-0.38845557
-0.40136045
-0.35677648
-0.3249476
-0.38950187
-0.3511625
-0.3133877
-0.3591662
-0.42290622
-0.40441746
-0.43648016
-0.35181397
-0.40307593
-0.4090191
-0.41183627
-0.39961624
-0.4620992
-0.42018926
-0.4641838
-0.40492272
-0.51541555
-0.42116797
-0.35291058
-0.38591373
-0.36328137
-0.43370348
-0.4376229
-0.4955365
-0.5040477
-0.48605907
-0.4379444
-0.52004004
-0.51762843
-0.48914343
-0.5159425
-0.4593507
-0.4011538
-0.36684215
-0.4058522
-0.34854233
-0.3788771
-0.3721906
-0.49256313
-0.4790768
-0.3604359
-0.46905702
-0.37932628
-0.35596806
-0.28694236
-0.27017498
-0.29087853
-0.34341472
-0.28758144
-0.2843665
-0.35303903
-0.38192624
-0.3639055
-0.3230822
-0.38510257
-0.40820068
-0.37827325
-0.28737187
-0.29599023
-0.3902254
-0.3285004
-0.3108639
-0.23606229
-0.278422
-0.4091689
-0.33464092
-0.3539719
-0.39546734
-0.47196317
-0.44549698
-0.32924837
-0.40942788
-0.41540647
-0.3740208
-0.41475207
-0.52295244
-0.53137195
-0.5558051
-0.42837077
-0.52931035
-0.46300304
-0.42288232
-0.40875965
-0.4902894
-0.475887
-0.43402463
-0.35517895
-0.32379746
-0.34207428
-0.37821585
-0.433371
-0.40401596
-0.42271823
-0.4193011
-0.49590182
-0.42313123
-0.48034865
-0.46364737
-0.46632385
-0.43615478
-0.3923884
-0.48588395
-0.45542628
-0.47683418
-0.3666103
-0.47059095
-0.45110214
-0.30964172
-0.38927555
-0.3862115
-0.3738749
-0.40489876
-0.34298134
-0.3983633
-0.41871893
-0.38292015
-0.3009501
-0.3131079
-0.3919376
-0.41031373
-0.35740197
-0.2533254
-0.22890037
-0.22161156
-0.22820437
-0.22561663
-0.21961522
-0.22057784
-0.31343037
-0.37770122
-0.33889347
-0.25996608
-0.30321813
-0.24449658
-0.2597385
-0.30303425
-0.34793878
-0.36335248
-0.30385596
-0.27667385
-0.361629
-0.39537716
-0.42184585
-0.36047804
-0.33602417
-0.4100821
-0.32441103
-0.34268153
-0.34388793
-0.34828192
-0.37092853
-0.3594339
-0.37493694
-0.3635636
-0.40403998
-0.40669256
-0.3826661
-0.38827777
-0.40204585
-0.29803908
-0.3579703
-0.37379116
-0.41217506
-0.41149968
-0.41647065
-0.43658006
-0.42668712
-0.49464333
-0.48156554
-0.53898656
-0.43373448
-0.46263278
-0.3672439
-0.3909951
-0.44104087
-0.39734423
-0.37062043
-0.30322635
-0.3661301
-0.39490443
-0.39920092
-0.45654482
-0.36546522
-0.4229071
-0.47806305
-0.3936568
-0.41625237
-0.44485945
-0.51775265
-0.5057647
-0.5087228
-0.43709934
-0.4237156
-0.4960456
-0.5491367
-0.5480621
-0.5211158
-0.4337517
-0.42905003
-0.3966009
-0.35696757
-0.44189632
-0.42871457
-0.45197856
-0.4766581
-0.47576946
-0.5591518
-0.5333749
-0.50611854
-0.5078235
-0.41527468
-0.47051662
-0.4303522
-0.40975744
-0.45144832
-0.45829016
-0.38893062
-0.42067724
-0.3811075
-0.33942223
-0.2987526
-0.37672877
-0.4143992
-0.36844105
-0.2422173
-0.3033231
-0.35391295
-0.32422853
-0.28938782
-0.2590729
-0.27474844
-0.29263985
-0.3941244
-0.35193086
-0.39472067
-0.28861505
-0.44243634
-0.510169
-0.40692353
-0.39427686
-0.43071604
-0.46353304
-0.5035672
-0.47579426
-0.4251604
-0.45626867
-0.4329421
-0.38243908
-0.42725533
-0.42677683
-0.47028697
-0.42335755
-0.4085309
-0.41541803
-0.4034003
-0.4528576
-0.4468392
-0.48809636
-0.5709279
-0.535411
-0.50594187
-0.47339696
-0.41298187
-0.38229948
-0.36819595
-0.34601557
-0.3686921
-0.3655101
-0.509964
-0.45662284
-0.44453758
-0.46744233
-0.4550833
-0.4197386
-0.36175042
-0.41098195
-0.43163317
-0.37438792
-0.44389373
-0.45346737
-0.434676
-0.46993828
-0.455662
-0.4466018
-0.47907865
-0.4176497
-0.50494915
-0.5142094
-0.52976525
-0.4897555
-0.5356174
-0.50846034
-0.4759317
-0.48659188
-0.49192744
-0.4716081
-0.50799036
-0.5898912
-0.5531612
-0.5141346
-0.59441024
-0.60893846
-0.5685986
-0.58058083
-0.51516736
-0.4484864
-0.44544858
-0.42916495
-0.3897041
-0.51432824
-0.5090499
-0.48849952
-0.45269847
-0.3271436
-0.32571286
-0.45202303
-0.51287377
-0.4225101
-0.48260713
-0.55061716
-0.6608127
-0.60135853
-0.47597653
-0.44596922
-0.40218997
-0.4131503
-0.5426986
-0.5446937
-0.48520088
-0.40682894
-0.4736665
-0.5528528
-0.5180409
-0.43798208
-0.45971334
-0.4662975
-0.42596668
-0.43839514
-0.30780035
-0.39080435
-0.3909188
-0.3485182
-0.30954057
-0.33160222
-0.35944808
-0.38085693
-0.5000409
-0.34921157
-0.37563658
-0.44370645
-0.37369794
-0.28132284
-0.28256816
-0.30174
-0.3465283
-0.36600202
-0.3549174
-0.46390295
-0.43559396
-0.37643212
-0.38404876
-0.35363263
-0.33273596
-0.3681004
-0.3485974
-0.3034979
-0.37567145
-0.319093
-0.34864795
-0.37778914
-0.38488162
-0.3980916
-0.40398377
-0.5171926
-0.46985364
-0.35576838
-0.27171487
-0.30287653
-0.27389216
-0.27862293
-0.2774561
-0.33368444
-0.34378612
-0.2987219
-0.33401954
-0.35717213
-0.33187187
-0.25560528
-0.26519912
-0.25447965
-0.21624637
-0.2084167
-0.3075084
-0.28461504
-0.37919468
-0.39996606
-0.3793249
-0.4628781
-0.42988563
-0.48028505
-0.40048182
-0.3396365
-0.3320819
-0.37841648
-0.32944745
-0.39671063
-0.38795668
-0.35727847
-0.37973386
-0.38325733
-0.2948128
-0.2815125
-0.33342278
-0.32530612
-0.3036974
-0.3895793
-0.34351528
-0.42481518
-0.3865381
-0.33409393
-0.30484718
-0.3069682
-0.37744468
-0.40269148
-0.35360473
-0.25105804
-0.3151638
-0.3028252
-0.28590262
-0.3189373
-0.27702898
-0.24103111
-0.2550345
-0.24749523
-0.24720311
-0.24473149
-0.16915858
-0.25764847
-0.32580584
-0.2681604
-0.2434755
-0.2722801
-0.21368945
-0.27504188
-0.33559853
-0.3221457
-0.2678597
-0.2894959
-0.3709122
-0.24675542
-0.24290544
-0.28355575
-0.2617066
-0.27540046
-0.28218395
-0.28081673
-0.35000247
-0.32339185
-0.32373184
-0.4017256
-0.35943425
-0.38702273
-0.41866755
-0.3296275
-0.32499766
-0.34375012
-0.2827297
-0.329944
-0.32710254
-0.2897659
-0.33750343
-0.33760726
-0.2676661
-0.34116274
-0.24068946
-0.30827332
-0.21822625
-0.26680934
-0.28938323
-0.178958
-0.20642942
-0.25159508
-0.33973277
-0.3365658
-0.29952806
-0.40232915
-0.3132851
-0.27256328
-0.17313236
-0.18563676
-0.2586496
-0.1979481
-0.24385208
-0.30796695
-0.24871933
-0.27644372
-0.21172822
-0.3060295
-0.29374528
-0.28161663
-0.19543684
-0.17633939
-0.20378321
-0.29647422
-0.37041003
-0.3867042
-0.3262989
-0.26214826
-0.3409716
-0.32020497
-0.29982573
-0.298823
-0.36488062
-0.39532888
-0.38738638
-0.44737828
-0.41319036
-0.31949544
-0.2739175
-0.29322332
-0.26314652
-0.28709364
-0.28242052
-0.3551033
-0.37716872
-0.28821707
-0.35418928
-0.40929323
-0.4889891
-0.45035386
-0.46038407
-0.46664006
-0.39126742
-0.35487753
-0.31677055
-0.31364053
-0.24628776
-0.31300128
-0.41153103
-0.46713817
-0.47316003
-0.43248928
-0.50564754
-0.39019912
-0.38894898
-0.39406115
-0.33973873
-0.3277573
-0.2917887
-0.29175645
-0.31435442
-0.3742001
-0.35108417
-0.34280437
-0.2830714
-0.37616783
-0.3559342
-0.3238446
-0.41894674
-0.36551583
-0.41538203
-0.39014316
-0.45784038
-0.41618305
-0.37525892
-0.33963305
-0.40503097
-0.4961726
-0.5445555
-0.45504248
-0.49452615
-0.47685975
-0.4051035
-0.41145408
-0.39888138
-0.4060784
-0.5010979
-0.43104786
-0.47116697
-0.47460836
-0.49430263
-0.40831226
-0.4801333
-0.48314786
-0.5001137
-0.41272795
-0.4946952
-0.48981357
-0.5296844
-0.5510175
-0.4945411
-0.52283764
-0.5307677
-0.47446567
-0.56171954
-0.50855434
-0.541098
-0.48560554
-0.44944376
-0.48700273
-0.41306394
-0.38091975
-0.4548046
-0.46966726
-0.47618222
-0.52977425
-0.43925393
-0.37086356
-0.33275777
-0.3580014
-0.3819173
-0.30543703
-0.3449695
-0.33765793
-0.43577754
-0.45428258
-0.44091022
-0.44514132
-0.37679547
-0.40929884
-0.3938526
-0.34873295
-0.3715778
-0.43125278
-0.35782307
-0.37432814
-0.42344493
-0.44274467
-0.35593194
-0.46877843
-0.36979085
-0.3407867
-0.30443943
-0.41660464
-0.36275172
-0.34732604
-0.39733464
-0.37368602
-0.42661184
-0.42789137
-0.44067925
-0.4386202
-0.4933545
-0.4721188
-0.38953537
-0.442298
-0.4342091
-0.50860935
-0.41107535
-0.3690709
-0.4670933
-0.4300477
-0.4407277
-0.4102593
-0.4799623
-0.3641228
-0.30679697
-0.36416852
-0.2948599
-0.37420958
-0.36460477
-0.21941882
-0.15681916
-0.23738635
-0.3096341
-0.38129526
-0.36156487
-0.31839812
-0.33766353
-0.45542914
-0.4088536
-0.3599227
-0.4095478
-0.4433421
-0.43550003
-0.4587444
-0.48806876
-0.44870937
-0.399868
-0.4561242
-0.5048915
-0.50123763
-0.5317147
-0.49115592
-0.5825647
-0.5907085
-0.4519047
-0.4211117
-0.4400249
-0.44800663
-0.5733588
-0.5303012
-0.5414165
-0.50923383
-0.457053
-0.37636614
-0.41351056
-0.4242766
-0.51251125
-0.50129205
-0.48665702
-0.4177907
-0.42120135
-0.43834484
-0.45179403
-0.47720307
-0.43792498
-0.45815808
-0.5021608
-0.47603124
-0.45347333
-0.44825077
-0.45461428
-0.4452616
-0.42487568
-0.48897123
-0.49208403
-0.4832744
-0.51579523
-0.46503478
-0.4263113
-0.4527092
-0.40997648
-0.45463693
-0.44533432
-0.48363984
-0.4740879
-0.45142013
-0.40050888
-0.415398
-0.5589571
-0.58526444
-0.54283977
-0.5136091
-0.46249104
-0.44465154
-0.45328128
-0.40763414
-0.38629526
-0.53532153
-0.4965396
-0.4836021
-0.4521808
-0.3579952
-0.41113114
-0.43800664
-0.46321017
-0.41519415
-0.4932155
-0.52133703
-0.5109605
-0.548262
-0.54685897
-0.68737406
-0.6129352
-0.6145632
-0.5409058
-0.6284013
-0.5664215
-0.5569316
-0.5155299
-0.4906137
-0.4849217
-0.48403496
-0.49923694
-0.57544506
-0.57942945
-0.5017021
-0.43439084
-0.41042906
-0.43128854
-0.46715313
-0.50235873
-0.5319677
-0.4524237
-0.42465186
-0.386833
-0.4275558
-0.5009359
-0.44759285
-0.40457648
-0.4126172
-0.30406922
-0.42182958
-0.42543948
-0.41237968
-0.38948846
-0.4516117
-0.49977732
-0.4784853
-0.491852
-0.48488635
-0.4792983
-0.4501648
-0.3715731
-0.36948538
-0.41373032
-0.44924432
-0.44556946
-0.39940464
-0.44985938
-0.43357915
-0.4849078
-0.53053725
-0.4932403
-0.48163903
-0.51650584
-0.39154226
-0.34149897
-0.43061823
-0.3611697
-0.40844303
-0.3430413
-0.36108172
-0.37451875
-0.41924548
-0.36579752
-0.33399457
-0.34252554
-0.35740238
-0.3024034
-0.2843057
-0.37891394
-0.38786715
-0.4181561
-0.34283853
-0.39443493
-0.36931986
-0.39618987
-0.38997257
-0.44038135
-0.42709696
-0.48740548
-0.49527913
-0.42475986
-0.47563642
-0.4037937
-0.4801116
-0.4330846
-0.4802913
-0.5730823
-0.5361931
-0.5202004
-0.5061193
-0.4746288
-0.45465112
-0.42492086
-0.44268268
-0.4757712
-0.44532645
-0.44485873
-0.41398644
-0.5197908
-0.50934684
-0.55753285
-0.5358106
-0.42549115
-0.45483905
-0.5213578
-0.43408334
-0.45286375
-0.55357265
-0.53284854
-0.4464301
-0.48101336
-0.4660542
-0.46634638
-0.37448967
-0.28795373
-0.36691427
-0.45689774
-0.4371686
-0.3731972
-0.31237108
-0.301467
-0.2658177
-0.2879712
-0.34957647
-0.32517153
-0.311899
-0.3150264
-0.2651987
-0.28516656
-0.3223011
-0.2799325
-0.32636446
-0.32110602
-0.3104021
-0.22276938
-0.27997786
-0.29053968
-0.26250005
-0.254458
-0.30793864
-0.33879042
-0.2683516
-0.31304443
-0.24942517
-0.24939018
-0.2737838
-0.33538163
-0.32685733
-0.27588594
-0.29242593
-0.39642978
-0.36228472
-0.39042008
-0.34981006
-0.3359487
-0.38587576
-0.44938695
-0.3866418
-0.4286573
-0.43457872
-0.37976682
-0.37348944
-0.271361
-0.35362113
-0.34242803
-0.30899793
-0.28448254
-0.38460088
-0.35650003
-0.32198137
-0.26183528
-0.24521804
-0.27766854
-0.31754094
-0.32639396
-0.30791736
-0.368055
-0.34303904
-0.43715328
-0.40916067
-0.42719465
-0.3547507
-0.453179
-0.38418984
-0.39753383
-0.42120278
-0.4535696
-0.39255184
-0.4197541
-0.39944887
-0.40454143
-0.40746814
-0.43736786
-0.42832875
-0.42504084
-0.35089993
-0.38135785
-0.36593878
-0.3913812
-0.4109701
-0.4498468
-0.4971184
-0.5680586
-0.50417453
-0.48814946
-0.43276918
-0.46435535
-0.40854234
-0.38931346
-0.49642396
-0.43275458
-0.41184843
-0.43625402
-0.4522463
-0.44582546
-0.460698
-0.4206096
-0.3972817
-0.46789593
-0.41872925
-0.41178232
-0.483639
-0.48127925
-0.42155957
-0.43516123
-0.43221253
-0.36809516
-0.44204837
-0.5229212
-0.4041019
-0.42793655
-0.39658302
-0.40777034
-0.40096402
-0.32667643
-0.3404681
-0.3794679
-0.40934378
-0.3237205
-0.34776098
-0.27977157
-0.39609283
-0.44626725
-0.4697374
-0.46603042
-0.4495706
-0.48297375
-0.5053842
-0.55172336
-0.4491762
-0.43017042
-0.43728733
-0.425372
-0.48144633
-0.38674527
-0.4196297
-0.34999418
-0.31482875
-0.37522846
-0.39940453
-0.38801956
-0.35322118
-0.3089121
-0.4107415
-0.35357976
-0.28824562
-0.30596173
-0.33210593
-0.4346863
-0.38073683
-0.40364343
-0.44199133
-0.32154977
-0.340962
-0.34873497
-0.36507422
-0.4634977
-0.5137423
-0.44395316
-0.42838746
-0.37544453
-0.43458718
-0.50634265
-0.44160444
-0.43264896
-0.42760324
-0.42808592
-0.35682
-0.350532
-0.28797793
-0.35370898
-0.26669264
-0.38431954
-0.37568724
-0.4136762
-0.35752892
-0.39198965
-0.4288597
-0.34102637
-0.41153067
-0.40195936
-0.35572058
-0.3764692
-0.42665642
-0.39640546
-0.3857293
-0.36151648
-0.44828606
-0.45857447
-0.48417538
-0.4526723
-0.50184953
-0.51975024
-0.47713512
-0.45003098
-0.4494363
-0.46319282
-0.4783088
-0.5263486
-0.5217707
-0.51190865
-0.5139359
-0.4970076
-0.5250376
-0.5133058
-0.5725386
-0.49945349
-0.47305626
-0.47010696
-0.54234767
-0.46842235
-0.5222372
-0.5080519
-0.4795202
-0.42545056
-0.44690716
-0.37806726
-0.4088986
-0.42179078
-0.38623375
-0.40639764
-0.46861356
-0.44204444
-0.3657601
-0.39711672
-0.44962776
-0.40746748
-0.37329185
-0.4492014
-0.33761144
-0.4043057
-0.43536907
-0.38655436
-0.34467387
-0.3301711
-0.37456757
-0.43535596
-0.34891057
-0.42820835
-0.42568898
-0.4496693
-0.45525515
-0.4308418
-0.4615389
-0.4641134
-0.45287234
-0.46864915
-0.43537956
-0.39991695
-0.38253558
-0.31695104
-0.3703534
-0.36541486
-0.34750623
-0.36423415
-0.44707406
-0.42357236
-0.34071487
-0.39142567
-0.37286448
-0.2973854
-0.33828872
-0.36547083
-0.44904906
-0.49294382
-0.44844955
-0.41784132
-0.46466625
-0.45559877
-0.4102255
-0.4126829
-0.45827776
-0.36221606
-0.37085974
-0.4072562
-0.37804174
-0.40277916
-0.44697547
-0.40234828
-0.4127357
-0.3948111
-0.49248427
-0.48875678
-0.48520958
-0.42687267
-0.3628621
-0.44013554
-0.43031985
-0.48816472
-0.4710505
-0.39801848
-0.4635319
-0.3949682
-0.40643108
-0.30871207
-0.427117
-0.37323707
-0.31065696
-0.3766396
-0.43579495
-0.37109798
-0.43823302
-0.3775152
-0.37595516
-0.42492557
-0.45126444
-0.3630029
-0.37176114
-0.383357
-0.34860563
-0.38004905
-0.4641381
-0.3698399
-0.3757103
-0.37465137
-0.4110586
-0.42397696
-0.3918479
-0.30982977
-0.35886163
-0.36564392
-0.35668033
-0.42090726
-0.32914978
-0.255363
-0.27407074
-0.33684456
-0.35925853
-0.42301393
-0.3710376
-0.39096183
-0.4267769
-0.40870422
-0.48798728
-0.39996135
-0.43536246
-0.35718465
-0.3113168
-0.28293514
-0.322761
-0.34521872
-0.2594391
-0.22400683
-0.27398646
-0.3239218
-0.2782107
-0.242383
-0.3086136
-0.28977662
-0.34256238
-0.38032538
-0.33849132
-0.3616197
-0.30073804
-0.37093663
-0.3338558
-0.37934077
-0.2981915
-0.2817273
-0.34934294
-0.36339968
-0.27513778
-0.34052438
-0.3614632
-0.34966838
-0.24786383
-0.25401378
-0.31893224
-0.2965443
-0.28907865
-0.35878325
-0.25410277
-0.2498439
-0.2399568
-0.3384332
-0.33443058
-0.28106314
-0.34752786
-0.39910495
-0.41589898
-0.42295384
-0.40736127
-0.32461095
-0.2604434
-0.33266544
-0.33600283
-0.2348193
-0.3349746
-0.34654605
-0.36891747
-0.31976104
-0.3529309
-0.26185226
-0.17589188
-0.16228485
-0.17041934
-0.2844355
-0.28261763
-0.2935173
-0.27405417
-0.16151208
-0.15947574
-0.15706503
-0.22862458
-0.21897435
-0.3270375
-0.40887564
-0.30056876
-0.20637602
-0.21833354
-0.21328264
-0.26642537
-0.26832587
-0.36207432
-0.39028156
-0.38185668
-0.40644884
-0.46903777
-0.3452826
-0.42155558
-0.40507197
-0.32932228
-0.3492967
-0.37134367
-0.33085704
-0.307414
-0.31487936
-0.29851216
-0.271343
-0.27535027
-0.25961787
-0.2883476
-0.31011027
-0.33265322
-0.3368287
-0.37962723
-0.31467605
-0.41460234
-0.35970908
-0.33177114
-0.31665945
-0.28501272
-0.35841024
-0.29549605
-0.29748034
-0.29637402
-0.23054558
-0.25724822
-0.21498895
-0.20770282
-0.19856721
-0.2122047
-0.26029664
-0.23215783
-0.21540052
-0.26715428
-0.295478
-0.21138883
-0.1902017
-0.23117918
-0.22119814
-0.13695562
-0.19488579
-0.15600091
-0.22948629
-0.23250443
-0.21602792
-0.3020367
-0.26141107
-0.28984082
-0.31528598
-0.22651309
-0.28850883
-0.32551634
-0.30358642
-0.38177383
-0.34335446
-0.3696171
-0.43654442
-0.38636398
-0.31847912
-0.36385083
-0.35189253
-0.4130029
-0.44515753
-0.44707972
-0.4517215
-0.3666321
-0.37752688
-0.409024
-0.3893773
-0.29042703
-0.27558446
-0.31879514
-0.28053457
-0.27779764
-0.3899123
-0.3640144
-0.404835
-0.33095896
-0.38084745
-0.39720815
-0.41675097
-0.36472297
-0.30646765
-0.33381844
-0.30928177
-0.2889557
-0.35382748
-0.3984406
-0.38417137
-0.3746304
-0.2630177
-0.32833678
-0.31788397
-0.2864458
-0.31450033
-0.36751026
-0.39880848
-0.31313622
-0.30509645
-0.37054884
-0.35380125
-0.31354648
-0.34896678
-0.34112078
-0.41227615
-0.44753307
-0.40436
-0.43541634
-0.39187813
-0.38814384
-0.44450653
-0.42973083
-0.44399875
-0.44461322
-0.40291613
-0.48013192
-0.51657677
-0.48788625
-0.45511687
-0.49007124
-0.55875885
-0.4785663
-0.40333557
-0.4673633
-0.5236161
-0.52026266
-0.52670985
-0.5130094
-0.51969355
-0.5519313
-0.5436328
-0.4983337
-0.37411457
-0.31733328
-0.3199147
-0.3109644
-0.30012465
-0.31550378
-0.35917354
-0.34302735
-0.37659764
-0.41174853
-0.4438393
-0.53205633
-0.4784044
-0.4862916
-0.4582095
-0.5161077
-0.46947885
-0.41548115
-0.43759352
-0.48661894
-0.44792157
-0.42915225
-0.39867455
-0.4332354
-0.3460384
-0.43310225
-0.41298908
-0.38360804
-0.37425464
-0.3448767
-0.3255095
-0.3399731
-0.3143723
-0.26768726
-0.3107689
-0.28918993
-0.40817118
-0.30651832
-0.29678112
-0.3277917
-0.407843
-0.4219342
-0.46950656
-0.4468974
-0.46682656
-0.47962582
-0.4172359
-0.37200505
-0.31490952
-0.38967395
-0.42421615
-0.46780056
-0.39262533
-0.47737235
-0.4197787
-0.40019095
-0.32824105
-0.32838893
-0.38685626
-0.48702914
-0.539641
-0.5056785
-0.5096328
-0.45443445
-0.47672635
-0.45612806
-0.5164393
-0.5097829
-0.45318806
-0.51714957
-0.46728396
-0.5560529
-0.51394916
-0.5024893
-0.5078206
-0.58272254
-0.4837079
-0.47670317
-0.44282657
-0.39522427
-0.3330508
-0.39290398
-0.39298022
-0.36407393
-0.31759536
-0.41230875
-0.4024889
-0.40702206
-0.4083671
-0.49186105
-0.4938386
-0.37158066
-0.39647776
-0.48494226
-0.55321884
-0.478091
-0.4574533
-0.38414532
-0.41537923
-0.37160087
-0.3757398
-0.37089163
-0.33077806
-0.35162234
-0.3732686
-0.305023
-0.39702743
-0.43249202
-0.3699081
-0.46062458
-0.3530923
-0.37609363
-0.42236602
-0.45745105
-0.4294541
-0.45817304
-0.3781671
-0.4313082
-0.5155533
-0.46085256
-0.48469168
-0.5141203
-0.42156726
-0.35676134
-0.41798884
-0.43165725
-0.50645655
-0.46415174
-0.4727425
-0.4582625
-0.47879875
-0.55543727
-0.53789055
-0.52392215
-0.52543664
-0.60621446
-0.5039911
-0.48509687
-0.46226043
-0.41931063
-0.37820667
-0.37194395
-0.3537054
-0.47572982
-0.49790305
-0.4611286
-0.5501237
-0.5373939
-0.5257164
-0.56919855
-0.56527996
-0.5332434
-0.5949478
-0.5617707
-0.56154
-0.5431526
-0.46459484
-0.49291027
-0.50970626
-0.5578662
-0.5530386
-0.48158807
-0.41547757
-0.45459944
-0.40195054
-0.37848872
-0.36291003
-0.38341784
-0.3182596
-0.3124653
-0.36914152
-0.35481822
-0.4036802
-0.38374007
-0.457646
-0.49477
-0.53553975
-0.45780814
-0.42961508
-0.41626608
-0.4203906
-0.40104967
-0.3851906
-0.399207
-0.48933244
-0.4656763
-0.46078992
-0.49191725
-0.41069996
-0.3904212
-0.36878002
-0.42300886
-0.31251347
-0.3388933
-0.32862985
-0.30981642
-0.27199566
-0.2707876
-0.31983542
-0.3653589
-0.4022392
-0.44354618
-0.43283182
-0.33265322
-0.323685
-0.3674044
-0.35683656
-0.40363157
-0.28957093
-0.32575607
-0.27936387
-0.27233022
-0.21452248
-0.3016358
-0.3705424
-0.32726026
-0.31709737
-0.30741274
-0.26698917
-0.2681895
-0.33546615
-0.25076824
-0.34550405
-0.34513974
-0.44566286
-0.42095298
-0.3295809
-0.39546007
-0.3975817
-0.29538006
-0.39979446
-0.3453039
-0.34735268
-0.31862032
-0.3267082
-0.3853737
-0.34323925
-0.30022866
-0.33042455
-0.29561406
-0.32232052
-0.2670275
-0.30018926
-0.32007205
-0.25023866
-0.2993893
-0.3093542
-0.3105107
-0.34515512
-0.36320174
-0.365008
-0.3115831
-0.3000052
-0.34647548
-0.33909398
-0.26842767
-0.20347375
-0.31392008
-0.31189114
-0.2893443
-0.35918427
-0.24978888
-0.16990834
-0.18738347
-0.21624863
-0.31984466
-0.31715256
-0.27449948
-0.32949895
-0.35642958
-0.3165871
-0.25979602
-0.2934612
-0.38695717
-0.46120936
-0.33425564
-0.43666786
-0.41493595
-0.42700398
-0.32555896
-0.2822197
-0.40723634
-0.4113828
-0.43567395
-0.47681797
-0.4405669
-0.41514647
-0.45545256
-0.4005009
-0.34526932
-0.324121
-0.4058758
-0.3157137
-0.2942012
-0.3393157
-0.26806402
-0.30611783
-0.42203325
-0.3586657
-0.30662996
-0.3587035
-0.36002678
-0.3763944
-0.46615165
-0.42196053
-0.4634087
-0.39724648
-0.4034413
-0.36688024
-0.41725975
-0.3943802
-0.3853594
-0.40150356
-0.35544527
-0.30245996
-0.3792162
-0.2682628
-0.3247925
-0.2773968
-0.29707098
-0.31102926
-0.24112421
-0.29531312
-0.34342086
-0.31677628
-0.31180465
-0.35019028
-0.38588184
-0.34671175
-0.34975153
-0.31019187
-0.32240796
-0.38575113
-0.43365586
-0.40749735
-0.46965235
-0.37586796
-0.30840236
-0.27817756
-0.4226519
-0.41841167
-0.30953032
-0.30279857
-0.4395905
-0.4196247
-0.41344744
-0.3601421
-0.35478848
-0.31667703
-0.38604844
-0.3721133
-0.3469236
-0.3464281
-0.3923151
-0.42246467
-0.388142
-0.3754887
-0.35309607
-0.40165007
-0.41056043
-0.3428622
-0.39940333
-0.37053037
-0.38299257
-0.3165058
-0.46816182
-0.4720258
-0.4106182
-0.33884728
-0.2977665
-0.38233167
-0.3391682
-0.34387636
-0.37814295
-0.28867918
-0.2603804
-0.29931527
-0.2593472
-0.32989943
-0.35188836
-0.2604478
-0.34200102
-0.23082072
-0.22558618
-0.18320811
-0.17174101
-0.21082568
-0.31603867
-0.28812093
-0.25378978
-0.13959247
-0.2275061
-0.22391015
-0.17020416
-0.25589752
-0.2723655
-0.27580857
-0.25618893
-0.2946003
-0.27916795
-0.3419333
-0.30632585
-0.30562508
-0.19359905
-0.20680797
-0.28998476
-0.27327824
-0.28214765
-0.29503304
-0.27321935
-0.31933528
-0.31396395
-0.33303148
-0.36796272
-0.4103787
-0.38926286
-0.33619273
-0.35915834
-0.33830512
-0.33314204
-0.30923116
-0.36084658
-0.28517222
-0.32011724
-0.26966214
-0.21239632
-0.20690888
-0.21211606
-0.22475624
-0.27542788
-0.240206
-0.21816087
-0.25169808
-0.20555913
-0.24866968
-0.27267855
-0.3377937
-0.25321913
-0.2026003
-0.16431314
-0.23471439
-0.33883566
-0.33348173
-0.21955335
-0.21948361
-0.2725805
-0.30766255
-0.25031263
-0.28936744
-0.32086062
-0.25619334
-0.24596179
-0.3135383
-0.29421312
-0.31966227
-0.35739875
-0.2889102
-0.31596792
-0.34221196
-0.38571745
-0.41309232
-0.37688738
-0.32629287
-0.2915324
-0.25754744
-0.31650585
-0.38432634
-0.40873033
-0.4262944
-0.44138753
-0.4317307
-0.4191385
-0.40863883
-0.32037723
-0.28294063
-0.2780854
-0.2798143
-0.21032995
-0.17004085
-0.25373805
-0.2604922
-0.2731679
-0.3159684
-0.38378417
-0.3891011
-0.3857978
-0.30163944
-0.33839822
-0.26910138
-0.35265535
-0.38752693
-0.3569007
-0.36630595
-0.410823
-0.3428914
-0.3706299
-0.34435296
-0.20130366
-0.24204099
-0.24626547
-0.2286641
-0.28964055
-0.40342796
-0.29138178
-0.32806128
-0.37728506
-0.29261452
-0.26682943
-0.19977725
-0.24462509
-0.3128636
-0.24743372
-0.15001506
-0.1673581
-0.18364406
-0.1742521
-0.18534005
-0.193448
-0.14211142
-0.1426881
-0.17635107
-0.15736651
-0.2633481
-0.19306636
-0.27171862
-0.30577874
-0.34583998
-0.23174119
-0.3206101
-0.3878088
-0.32672477
-0.28647256
-0.36102986
-0.27305216
-0.33787584
-0.35364807
-0.2784608
-0.35565567
-0.24299705
-0.32214987
-0.30160445
-0.29761738
-0.31832796
-0.3784886
-0.39040077
-0.3261193
-0.24609143
-0.30671525
-0.39502782
-0.36261123
-0.43945265
-0.41843146
-0.4739772
-0.4089799
-0.3079105
-0.34377807
-0.27432775
-0.2541769
-0.27985692
-0.28949094
-0.34212518
-0.3861153
-0.35260117
-0.36949694
-0.43128234
-0.38990313
-0.36348575
-0.3635829
-0.28504956
-0.3261996
-0.3291763
-0.26886332
-0.3188001
-0.27376813
-0.32765466
-0.3286305
-0.34207386
-0.33884013
-0.33681494
-0.31596702
-0.25120908
-0.27573383
-0.31885487
-0.3484906
-0.40010953
-0.3987335
-0.40517706
-0.37078917
-0.3528741
-0.44109535
-0.39619786
-0.40406716
-0.41321224
-0.35251367
-0.30388933
-0.41213042
-0.41278487
-0.36503297
-0.3817963
-0.3573562
-0.32115328
-0.28338534
-0.31323874
-0.19619256
-0.2458083
-0.2582386
-0.24657285
-0.21720469
-0.32826144
-0.3221118
-0.3213017
-0.269333
-0.27291214
-0.29187304
-0.31345874
-0.2777335
-0.22878772
-0.28481048
-0.33119327
-0.32399982
-0.36827254
-0.27740252
-0.29198807
-0.37041098
-0.34645772
-0.3101474
-0.28266662
-0.3934685
-0.3674546
-0.41892904
-0.38839138
-0.32008064
-0.26699
-0.31804764
-0.43926656
-0.34603244
-0.23261124
-0.31519216
-0.26265615
-0.29657102
-0.2974128
-0.31563902
-0.35054332
-0.2699688
-0.19777524
-0.21471077
-0.3191141
-0.3357386
-0.34478498
-0.26984578
-0.25786537
-0.24397278
-0.31800735
-0.3014865
-0.22408754
-0.25686246
-0.26741862
-0.28333956
-0.27157092
-0.169177
-0.15957177
-0.17671305
-0.19987243
-0.18618834
-0.24629605
-0.18670124
-0.20078385
-0.21969324
-0.2349807
-0.22950971
-0.36453962
-0.35448158
-0.32279563
-0.27724153
-0.2931372
-0.3215859
-0.33599937
-0.26587743
-0.23882776
-0.31458998
-0.22804761
-0.29275495
-0.24275076
-0.30440032
-0.3501495
-0.36203754
-0.33677202
-0.36876303
-0.4555353
-0.40544802
-0.36600536
-0.38063508
-0.4135943
-0.3655808
-0.45015013
-0.4625907
-0.32800752
-0.28834128
-0.29805082
-0.2928204
-0.22339737
-0.25774503
-0.20894891
-0.27558714
-0.24719131
-0.26227003
-0.2626732
-0.21935415
-0.15171921
-0.19779629
-0.29262632
-0.31706244
-0.30474228
-0.27299803
-0.18081743
-0.19722736
-0.1594258
-0.2736526
-0.28293335
-0.26679057
-0.25122678
-0.26293814
-0.25863647
-0.29875344
-0.29766685
-0.26892704
-0.319412
-0.29121667
-0.19689286
-0.1972813
-0.133439
-0.13319159
-0.19505179
-0.15492094
-0.2929551
-0.28501844
-0.33810598
-0.2895022
-0.34705204
-0.26720095
-0.26617837
-0.3371356
-0.28716087
-0.28503084
-0.27129596
-0.2252692
-0.24732572
-0.22990072
-0.2397173
-0.23331124
-0.23066086
-0.29148996
-0.22290754
-0.2108007
-0.2496522
-0.19254965
-0.2220496
-0.20141208
-0.3446858
-0.37119114
-0.4303102
-0.43864137
-0.4288134
-0.2637785
-0.29059672
-0.35165352
-0.30217922
-0.25096017
-0.17087817
-0.25585294
-0.32952464
-0.2746842
-0.23433477
-0.29994136
-0.23945433
-0.19313681
-0.2364806
-0.2904818
-0.2684992
-0.31935817
-0.3109318
-0.2850018
-0.24468142
-0.24464458
-0.2658087
-0.27495843
-0.31637174
-0.2730649
-0.2520913
-0.23306245
-0.28113163
-0.27833945
-0.337555
-0.30098808
-0.23524457
-0.28021187
-0.26241916
-0.23379636
-0.3764711
-0.33112776
-0.31829798
-0.32396406
-0.2797404
-0.233589
-0.17143756
-0.23501724
-0.28337425
-0.22550988
-0.30608124
-0.19268596
-0.27593452
-0.3178345
-0.3671366
-0.2771988
-0.32178545
-0.27896184
-0.28663945
-0.25641578
-0.3123175
-0.23858118
-0.2786138
-0.29959667
-0.28212416
-0.2196753
-0.29478782
-0.3251983
-0.26395237
-0.30079252
-0.2614143
-0.23192358
-0.19521576
-0.28612107
-0.20742363
-0.25362724
-0.2990275
-0.24974161
-0.30115467
-0.2932499
-0.31178248
-0.37641966
-0.3552382
-0.35117894
-0.33276302
-0.28999394
-0.29332125
-0.23006982
-0.21391147
-0.20992249
-0.29043216
-0.3114739
-0.31744438
-0.34166408
-0.2890709
-0.29866868
-0.3173201
-0.295758
-0.34255356
-0.33996487
-0.30930257
-0.30996162
-0.2718988
-0.32375324
-0.35452443
-0.3497191
-0.325585
-0.37602562
-0.34507567
-0.20888501
-0.31954294
-0.26017118
-0.26545644
-0.31765366
-0.36341488
-0.343134
-0.29616034
-0.32165456
-0.3740875
-0.30751306
-0.36968428
-0.41492218
-0.39500517
-0.3862847
-0.35973454
-0.4349743
-0.4541608
-0.40596503
-0.42864454
-0.3436054
-0.38922715
-0.31861234
-0.3290261
-0.27384305
-0.33302665
-0.33725947
-0.34184963
-0.36499715
-0.4016382
-0.34443116
-0.4086162
-0.39191735
-0.4493302
-0.48375672
-0.47852564
-0.35421044
-0.309511
-0.391652
-0.307279
-0.2976082
-0.2947691
-0.39013392
-0.31922305
-0.32494396
-0.39511538
-0.40775955
-0.5494654
-0.47208136
-0.35502565
-0.4748094
-0.48302335
-0.39203852
-0.42776626
-0.35516024
-0.33565068
-0.32031113
-0.2680087
-0.32975715
-0.28922796
-0.28910148
-0.20725882
-0.2775864
-0.2549898
-0.22569585
-0.27234423
-0.27755964
-0.20381969
-0.27445304
-0.24644816
-0.28920823
-0.32363647
-0.39983314
-0.37867796
-0.32373148
-0.3822406
-0.4204082
-0.3946976
-0.368263
-0.44844377
-0.4416932
-0.46614486
-0.45228964
-0.4398877
-0.49058193
-0.36959594
-0.34994435
-0.3409958
-0.4014588
-0.4008389
-0.33609968
-0.38214773
-0.40175807
-0.43165576
-0.43946803
-0.4235497
-0.48959047
-0.4197849
-0.47026765
-0.44442147
-0.4013697
-0.39446837
-0.36252093
-0.3507458
-0.29746956
-0.2460922
-0.18846726
-0.28451866
-0.19234031
-0.28959572
-0.2647305
-0.2845472
-0.36093986
-0.3832984
-0.4309876
-0.30522436
-0.2501368
-0.25725985
-0.25327992
-0.21969706
-0.30141675
-0.4256639
-0.38901478
-0.4356804
-0.46388197
-0.3892268
-0.4092642
-0.3417942
-0.42947137
-0.35924953
-0.36438614
-0.34583926
-0.26932043
-0.34718168
-0.3467896
-0.4395786
-0.39543128
-0.38964236
-0.44430715
-0.5056324
-0.401725
-0.3396088
-0.33783603
-0.33842397
-0.38646215
-0.3303883
-0.2568034
-0.30796152
-0.24507624
-0.31370676
-0.32804728
-0.2715202
-0.2907452
-0.27306062
-0.21751738
-0.29926497
-0.3034634
-0.30494332
-0.23704839
-0.34228313
-0.29039174
-0.35350454
-0.36078835
-0.30831414
-0.26862085
-0.307338
-0.37566602
-0.35517204
-0.3144524
-0.2771002
-0.29953843
-0.34501386
-0.3059857
-0.25435954
-0.30912864
-0.23764598
-0.27273166
-0.25342423
-0.25745016
-0.34062898
-0.35450476
-0.3950467
-0.38452733
-0.36764795
-0.308796
-0.39560932
-0.38274598
-0.36749637
-0.3230986
-0.24844742
-0.2604974
-0.3615687
-0.31362778
-0.41328847
-0.36115307
-0.38557088
-0.32351768
-0.34704912
-0.37111783
-0.30099672
-0.33606523
-0.2997151
