-0.05313785
0.03883202
0.08375325
-0.004659629
-0.06574529
0.03166428
-0.09369474
-0.03943863
0.09172034
0.053100396
-0.07231238
0.004494667
-0.01742418
0.069786005
-0.056916382
-0.004967046
0.028060675
-0.077844955
0.0072445157
-0.08158157
0.037172724
0.0599381
-0.048682284
-0.0115364315
-0.0344733
0.0060441974
0.07084878
-0.04738536
0.09851625
-0.0017772198
0.09195278
-0.032148648
-0.062421154
-0.09469366
-0.0986985
0.004186845
-0.07631514
-0.017329026
0.04239974
0.012432814
0.006728196
0.018428087
-0.09335692
0.024059629
0.024340605
-0.09349086
-0.051363803
-0.07133575
0.020046998
0.050693322
-0.09827592
0.08842728
0.026012111
0.07035535
0.056258824
0.06626399
0.015328288
-0.08678532
-0.007264209
0.09576702
-0.07439709
-0.061120223
0.028839802
-0.0020941019
0.04428499
-0.036861923
0.07204407
0.04217534
0.04802222
-0.06083534
-0.028311873
0.08600855
-0.055111576
-0.061691333
-0.0987947
-0.0975091
0.061453175
0.02175708
-0.0026744127
0.09048515
0.040734768
0.058728624
0.08795958
0.08038604
-0.034363937
0.06151695
0.018077923
0.004205871
-0.0007468939
-0.07765086
-0.07797086
-0.042795923
-0.09978755
-0.07557473
-0.049534798
-0.09393912
-0.08356588
0.055397343
0.07855125
-0.011417699
-0.010115457
-0.039143037
0.047957685
-0.02349298
0.07376597
0.058832932
-0.00960877
0.0352782
0.07832839
-0.009338021
0.09178789
-0.012874651
-0.07478406
0.022194386
0.095033765
0.028846884
-0.06672325
-0.09940298
0.0913137
0.033359002
0.04382248
0.06539128
-0.011026478
0.05714531
-0.0004918337
0.09333982
-0.008505225
0.07790408
-0.062734745
-0.076306365
0.020380998
0.057596684
-0.045218375
0.055241823
-0.07510805
-0.051138736
0.027076459
0.041699003
-0.06277366
-0.09667986
-0.030067492
0.0833618
0.0097736595
-0.04306815
0.050692033
0.031213928
0.033301592
-0.05227208
0.051605772
-0.058826994
-0.0260154
-0.037283946
-0.011093259
0.09845831
-0.024507476
0.07069695
0.06396756
-0.061432194
-0.034023285
-0.06933446
0.076728895
-0.048180033
-0.023525191
0.006543732
-0.04347911
0.034873273
0.03547914
-0.08865037
0.03236673
-0.028078938
0.052432228
-0.031030893
0.016644835
-0.03612373
0.033315588
-0.08770788
0.078421354
0.008537126
-0.09777124
-0.011983848
0.026710583
-0.063613825
-0.033020448
0.09378886
-0.054941274
0.09962266
0.008922792
0.079321764
-0.06602669
-0.08316698
0.09646239
-0.0046879053
-0.06043873
-0.041468263
-0.099381424
0.035830524
0.005694747
-0.05081246
-0.06729164
0.026201606
-0.036948513
0.08718815
0.073146105
0.058775853
0.08428643
0.07892144
-0.015302134
-0.044910815
0.016298844
0.05666206
0.051984858
-0.039025664
-0.05631571
-0.026058841
-0.059238315
-0.07969642
-0.083820604
0.037957072
0.0057509663
0.052624583
-0.064622425
0.05414455
-0.061390903
0.04857664
-0.04516561
-0.027814293
-0.031859923
0.07252564
0.04187548
0.030245353
-0.078436635
0.07295487
-0.049714614
0.012892676
0.086727194
0.050041318
-0.095268324
0.030218173
0.0027947903
-0.09042492
0.023412181
-0.027653575
-0.023670126
0.039447736
0.011185599
0.0086442
-0.018426895
0.030773593
-0.06120794
-0.06811049
0.046471287
0.09239843
0.06720664
-0.033929612
0.028480148
-0.036461234
-0.06479428
0.055799674
-0.092331074
-0.06776591
0.08733123
-0.075991444
-0.088458255
-0.060211133
0.02770853
0.03891752
0.08258162
0.020506812
-0.026667763
-0.0009882927
-0.007764697
-0.05267575
-0.023755645
0.034498263
0.012656045
0.03171091
-0.0067039966
0.039117575
0.014115882
-0.020862723
0.05693984
0.05327897
-0.068758465
-0.050559115
-0.07740009
0.0027164698
-0.047332715
-0.081950665
-0.03630879
-0.056991912
0.020355701
-0.037024952
-0.005685401
0.05863526
0.09213622
-0.062197592
-0.053434778
-0.062401842
0.025874257
-0.079835296
-0.036347296
-0.066117905
0.042486668
0.0009395361
0.08615263
-0.08092921
-0.05682657
0.02741971
0.023666454
0.0017652273
0.047922205
0.038226772
0.038698673
0.006700683
0.0039852145
0.022242023
0.09699457
0.059210993
-0.014473843
0.09064577
0.030529117
-0.025869394
0.06479011
-0.026307678
0.07417887
-0.006330085
0.086403824
0.049385168
0.08665226
0.017824555
-0.04846082
0.073133826
-0.051077224
0.03064139
0.006005335
-0.07017334
0.08274596
0.07855063
0.08251047
0.0253963
0.03889215
-0.081542924
0.08827861
-0.064357735
0.054884244
0.05065718
-0.06865513
-0.08107843
0.0072303773
0.058499575
0.040632367
0.088157915
-0.06533928
-0.049666714
-0.0025331497
0.046217393
0.027369142
0.09970751
0.026977135
-0.057873633
0.005593467
0.09991355
0.00962832
0.09959614
0.049943354
-0.015958143
-0.064642526
-0.08772655
0.08974426
-0.0102801565
-0.034959413
0.04603913
0.06707845
0.07486837
-0.027437879
-0.09013968
-0.011982488
0.022141887
-0.022623062
0.0206496
0.045755077
0.075001955
-0.033334423
-0.015490723
0.08164561
0.09769883
0.06957884
-0.07299032
0.05245724
0.09168754
-0.08923612
-0.02256818
-0.08113911
-0.060938668
0.008285738
-0.07892614
0.03227165
0.028529763
-0.05830729
-0.038643647
-0.06778681
0.019007493
0.06421786
0.060857773
0.08422341
-0.010510064
0.047588017
-0.074493006
-0.02566874
-0.06654489
0.061684776
0.05236845
-0.03279307
-0.019952655
-0.062079933
-0.050670315
0.065259695
0.029861093
0.06365609
0.027805805
0.0029767274
0.06293886
0.07416325
0.02149198
0.08777197
-0.016428804
-0.06524148
0.017028976
0.039456416
-0.065595366
-0.02548101
0.041389015
0.049834516
0.09495409
-0.071914315
-0.08102651
-0.04798002
0.007563305
-0.06500895
0.029847551
-0.04512155
-0.0070751905
-0.06843255
0.013390112
-0.09040242
-0.05831435
0.08988235
-0.06896567
-0.015518141
-0.08722468
-0.0398484
-0.03350048
-0.007036352
-0.048992492
0.007319665
-0.026100565
0.036113787
-0.002368021
0.05510528
-0.021836257
0.0425539
-0.011967015
-0.024731709
-0.011167884
0.009990764
-0.036112618
0.054529883
0.066740274
-0.065094255
-0.01569946
0.035878014
0.03439045
0.004754615
-0.083981276
0.035571456
0.024037147
0.04422283
-0.04217279
0.013284159
-0.001706624
0.057622362
-0.037041117
0.00064859394
0.0085253
0.07532971
0.039064553
-0.016473318
0.05571101
-0.0947361
-0.05373881
-0.046295047
0.09430754
0.051425196
-0.06253069
0.027893592
-0.048834946
-0.010277676
0.0070290803
0.047596503
0.019012405
0.09650774
0.00979445
0.016693449
-0.09745052
-0.08877549
0.02918229
-0.041880824
0.027026463
-0.04551406
0.09619613
-0.06841834
-0.053634454
-0.013762069
0.01638918
-0.070719935
-0.07903905
0.09324477
-0.05598202
-0.047999717
-0.0060596946
0.026345754
-0.058110714
0.024885511
0.011592269
-0.093057156
-0.021539425
0.017994976
0.03547206
0.032952905
0.010541749
0.08531399
-0.002698517
0.029220296
0.025668025
-0.09470826
0.035781026
0.043901946
-0.054403305
0.021555996
0.06223264
0.0369756
-0.06686242
-0.088098645
-0.09387095
0.06771674
-0.033654667
0.08272731
-0.0690425
0.034582924
0.061590243
0.004679871
-0.0852166
0.007365537
-0.03236003
-0.02902875
-0.002754879
-0.08933959
0.046758294
0.040793277
-0.09839394
0.048512984
-0.021138836
0.045181204
-0.03755207
-0.009759689
-0.07490911
0.044881918
0.055040456
-0.077713706
-0.06918788
0.04189985
-0.06398096
0.0988878
-0.01723571
-0.016860962
-0.022089124
-0.0942173
-0.013111067
-0.04137938
0.0010902882
0.017751528
0.043513395
-0.06826148
0.09351118
0.06356926
-0.072588496
0.012118625
0.025051786
-0.04361842
-0.08845122
-0.072991036
-0.03401942
0.06344426
-0.09899652
-0.079266645
0.09355948
0.051127266
0.07656076
0.069060825
0.02325101
0.0880503
-0.065762974
0.0053256513
-0.05115149
-0.021436144
0.002461028
-0.017198516
0.028862262
0.0637758
0.06710722
0.08263452
0.05529919
-0.025710989
0.0031369687
-0.07880702
0.033256866
-0.017806888
-0.028292751
-0.09551876
-0.024542643
-0.089955926
0.09886191
0.0862113
-0.028137207
0.048641514
-0.08420672
-0.093573
0.028183555
-0.015474486
-0.076016925
0.0069717886
-0.0047523263
-0.029811574
-0.017710304
0.07228842
-0.055033635
0.07522803
0.00926249
0.0801594
-0.05541284
0.014457536
-0.050381254
0.0421834
-0.0704506
-0.0018455029
0.040530253
-0.036432743
-0.036276795
0.044648528
0.07294822
0.04860122
-0.0103798155
0.03943932
-0.009512377
-0.029582191
0.045181703
-0.07145875
-0.07028639
0.07465124
-0.011500335
-0.08410344
-0.09046121
0.045455027
0.09632397
-0.036195993
0.050818015
-0.08535397
-0.041807413
0.09398754
0.015291548
0.09865055
0.004779983
0.0697732
0.0067348243
-0.019088103
0.035132673
0.068101026
-0.07066538
-0.04667616
-0.015532875
-0.09824734
-0.04074774
0.08561077
-0.05691364
0.006582284
0.033300877
0.07423382
-0.028808618
0.01165235
0.068299964
-0.070838645
-0.009238267
0.02370882
0.033823133
-0.08435743
-0.05670948
0.015324044
-0.067697644
-0.06799145
-0.07643411
-0.055172395
0.033173393
-0.088658884
-0.0013288975
-0.06674562
0.061446857
0.087377906
0.01698947
-0.018587518
-0.067152835
0.05659013
-0.046621658
0.040617872
0.032237437
-0.03226154
0.016736818
0.02428534
0.01403718
-0.096418716
-0.024264073
-0.03028636
-0.057729125
0.020917011
0.011994935
0.008390761
0.06474321
-0.08569236
-0.06441136
0.07431664
-0.051198054
-0.0009621382
0.025912596
0.04557333
0.082721666
0.0019287587
0.07369304
0.050813057
-0.02578373
-0.008099079
-0.049886156
-0.064394526
-0.007921792
-0.026394201
0.091129
0.07743209
0.036418345
0.010134148
0.07755969
0.019472266
0.0007674694
-0.019966602
-0.025042105
-0.0077740434
-0.021891499
0.04163618
-0.094385006
-0.022769475
0.09054034
-0.008574224
0.034044888
0.05421379
0.06028476
0.03295679
-0.061392356
-0.051411536
0.07326453
0.05927942
0.025362087
-0.079453066
-0.030675888
0.09226086
-0.017702533
0.017668057
-0.097896054
0.012189723
0.02940538
-0.05176122
0.034596898
0.00080223085
0.04585619
0.026381183
0.08863156
-0.013705492
-0.091066144
0.01013453
0.06372948
-0.003122592
0.07619863
0.009403753
0.011617637
0.052651145
0.038232636
-0.033908963
-0.0064293626
-0.063819125
0.09633491
0.08289669
0.0005503416
-0.023731207
0.085418515
-0.08578124
-0.08511128
0.0022678615
-0.041636277
-0.06309006
-0.0014554501
-0.05675285
0.0015161037
0.09382641
-0.0857779
0.070741415
0.036528256
0.05824509
0.012400317
-0.05401988
0.0678699
-0.009629679
-0.08228147
-0.06871364
-0.09673359
0.039545584
0.0031089783
-0.053213667
0.041551616
-0.09662092
-0.026370455
-0.024462437
0.05551782
-0.00035357475
-0.0019192457
-0.012314892
0.08110595
-0.029550696
0.08265481
-0.024121618
0.093172625
0.07827888
-0.041211724
-0.098208904
0.07031589
0.091064766
0.061988544
-0.094289
0.06410849
-0.08883667
-0.025966907
-0.0676749
-0.057205822
0.032279324
0.0055687907
-0.03585408
0.004280496
-0.010201144
0.09524121
-0.06288369
-0.008894945
-0.0045969724
0.041073132
-0.03973005
-0.039954115
-0.08861072
0.04781835
-0.09416061
-0.025620366
-0.06256688
-0.097189955
-0.05357919
0.039669227
-0.052929092
0.094612055
0.032635357
-0.062272884
0.09952791
0.041341424
0.09837022
-0.021008467
-0.016143823
0.021176506
-0.028856922
0.04238682
0.08908758
-0.047962975
-0.095155194
0.024387002
-0.08524015
-0.002233696
-0.005673814
0.006454444
-0.013527179
0.08070228
0.007890797
-0.00000035762787
-0.024129057
0.055257488
0.032207157
0.0011871814
0.047490146
-0.018881416
0.063911535
0.0907835
0.06371975
-0.08193117
-0.012780714
-0.019968271
0.03391819
0.013375545
-0.025766684
0.04808941
0.058645774
0.09322288
-0.0509804
-0.06846549
-0.04579122
0.056895208
-0.09744394
0.08755567
-0.07327564
0.018113231
0.039126467
0.027502967
-0.017732143
-0.06619113
0.062050294
-0.012020826
-0.009721446
-0.039117884
-0.06845095
0.07415338
0.010955572
0.002569294
0.017513348
-0.06630798
0.038678434
0.002406764
-0.05422151
-0.051411152
-0.014623142
-0.05758066
-0.08310888
0.011086798
0.033068754
0.038747407
0.08788433
-0.031445313
0.076643325
0.093045235
-0.033051014
0.006705761
-0.042342998
0.028918196
-0.0482635
0.03146782
0.03649013
0.021374488
0.08129094
-0.004057908
0.054707434
-0.0893318
-0.058726218
0.07127934
0.027765537
-0.05806911
0.060295798
0.0037577867
0.05393503
-0.0023209571
0.012135744
-0.060630728
0.023495365
-0.00844841
-0.07566569
0.09790116
0.035731386
-0.05848515
-0.008820343
-0.06272783
-0.091287754
0.05967915
0.0016774416
-0.080388926
0.020220447
-0.07521825
-0.038933825
-0.01483233
0.078115396
-0.048123408
-0.0907222
-0.043208577
0.061656713
-0.02688458
0.091413096
0.041114546
-0.023735786
-0.097665146
0.052163627
-0.03553901
-0.0011435271
-0.015625691
0.061272908
-0.0120224
0.080871485
-0.05740526
0.038462188
-0.032073904
0.024837852
0.030767202
-0.0137105705
-0.036477473
0.0037569762
-0.009674144
-0.04781113
-0.023244787
-0.056433536
-0.0818882
-0.0008821964
0.09441965
-0.030549789
0.070248984
0.096938446
-0.08690407
0.07821524
-0.043365
0.060635544
-0.076157115
0.09490297
-0.030851651
0.07490208
0.060512807
0.0873035
-0.07247915
-0.047936466
0.047367502
-0.048274186
0.017766286
-0.073764086
-0.033203553
0.024512744
0.005250788
0.09452891
0.07798433
0.06309199
0.08568957
-0.042281438
-0.07832658
0.007185197
0.020340873
0.026586747
-0.0022733689
0.06939743
-0.086757
0.031832527
-0.04982307
0.006214786
-0.06745484
0.0689524
0.044020224
0.06039505
0.06878541
-0.03153341
0.0026212693
0.050485443
0.08441832
0.0015620232
-0.08691652
-0.041689802
-0.08940189
-0.084852956
0.068440676
0.059753776
-0.07491856
-0.053715896
0.08287966
-0.0802907
0.0921654
-0.0930377
0.008105159
-0.002234292
-0.052059032
-0.065716125
0.07652111
0.013389039
0.07461383
-0.0030699968
-0.07028127
-0.0735956
-0.0890945
0.093861006
0.0877877
0.017936826
0.07591565
-0.039179828
0.09135611
0.0029007436
-0.014129043
0.027889943
-0.0077731134
0.043732285
-0.08819204
0.013184237
-0.03133526
-0.0387547
0.07886727
0.0715329
-0.085545376
-0.027948333
0.054346204
0.07879525
0.088271335
0.0007093907
0.0586581
-0.023497224
0.011291767
0.07493365
0.003195834
-0.09224188
0.05654898
0.08191671
0.074371174
0.018186092
0.05247686
-0.009606624
-0.0045505287
-0.024980593
0.011862779
0.08450308
0.09283941
-0.046842407
-0.08575871
-0.0031817674
-0.08502247
-0.054772187
-0.058813598
-0.06975968
-0.0024986267
-0.0027739287
-0.0018389702
0.07957268
0.07593689
-0.0041231154
0.064678386
-0.07385542
0.010729695
-0.090467095
-0.07149308
0.07930992
-0.006276369
0.0063872575
0.040580463
-0.022901868
0.037935592
-0.054652836
-0.0064867735
-0.03416841
0.07893095
0.05350628
0.063321784
0.08481713
-0.019708563
-0.089397766
0.08503883
0.075460576
0.026422216
0.012848568
0.06413271
0.07613366
-0.019377638
-0.03447912
0.077319026
0.09749317
-0.054209042
-0.060895085
-0.05545869
0.020708418
0.02394383
0.07654162
0.094617724
-0.08498471
-0.07812245
-0.06422303
-0.03214054
0.046480276
-0.032898545
0.051571917
-0.04582119
0.039603423
0.013506007
0.029254008
-0.0023818493
-0.058812927
0.053307723
0.08741289
0.009223342
0.010520959
0.061868023
0.06130321
-0.00938468
0.05569179
0.08592236
-0.095376514
-0.075759724
-0.025803853
-0.01680379
-0.012483907
-0.09683146
-0.033382464
-0.08340533
-0.0013588906
-0.031466484
-0.014597297
-0.0644449
0.073023535
-0.058902908
-0.046146583
-0.096378736
-0.0708225
0.07213559
-0.015712095
0.06726587
0.07303093
-0.096240334
0.03449588
0.0694314
0.052192736
0.09703105
0.031699874
0.06593728
-0.016630769
0.0018406392
0.038340546
0.08142691
-0.042960215
-0.08010025
-0.051054098
-0.052591898
0.00831449
-0.00542326
0.06496034
0.0024928332
-0.09806605
-0.018759036
0.001483345
0.019606996
-0.046825457
0.029081201
-0.055070546
0.011688137
-0.024882365
0.06957803
-0.010202336
0.04907415
-0.026063895
-0.067900084
0.08550777
-0.0602005
0.07018697
-0.030234575
0.013054824
0.037270736
0.08774336
-0.09443586
0.015476966
-0.063238434
0.032555368
-0.003561139
-0.07273135
-0.0008689642
-0.038000297
-0.06353438
-0.076929666
0.059859514
0.00017664433
-0.0071878196
0.0028321983
-0.061326742
0.05338335
0.08656504
-0.006766129
0.023259927
-0.03290048
0.087371826
0.028466988
-0.032470513
-0.024225688
-0.09791105
0.046373703
0.06889725
0.04785831
0.038758516
-0.093767695
0.05285878
0.009366035
0.06744502
-0.026698327
-0.0594424
-0.027030278
0.039469123
-0.064028315
-0.04905493
-0.039901353
-0.024643874
0.045631956
0.008050442
0.07007866
0.033820916
-0.06371999
0.09530144
0.08262277
-0.014167929
-0.01749909
-0.06409323
-0.07424607
0.011773586
-0.05774007
-0.018894125
0.042127013
-0.07703183
-0.059572887
0.018921614
-0.01750431
0.06156967
0.0064070225
0.029075146
-0.012650347
-0.04536569
-0.041764047
0.033338547
-0.09104862
-0.080716945
0.08287988
-0.050425958
-0.010736346
0.004715729
-0.0011606932
0.095770694
-0.09247889
-0.035104014
0.08508046
0.0755281
0.06323252
-0.07793653
0.031757165
0.02140057
0.03044467
-0.026210738
-0.0007405758
-0.090484165
0.08243632
-0.05054412
0.017172838
0.06581926
0.09610436
0.06978829
-0.06080053
0.06284373
0.0011879922
-0.092177965
-0.025835251
0.011084271
0.011787272
0.034135986
-0.007814765
0.097955085
-0.051209807
-0.024688292
-0.09268802
-0.051247645
0.07255514
0.021006798
-0.053107407
0.0614897
-0.016318679
0.0030237436
0.04063208
-0.02585869
0.008176398
-0.0057893516
-0.052463245
-0.012243223
-0.07067416
-0.024447894
0.040347695
-0.08844721
-0.035160303
-0.078631304
0.036139656
-0.0477149
0.037063457
-0.07610922
-0.07092166
-0.061642863
0.0076287272
-0.047983002
-0.06285689
-0.043188717
-0.051052164
-0.012861895
0.01961565
-0.0022879601
-0.057087015
-0.036112953
-0.08252847
0.08363002
0.08276572
-0.014086819
0.033909034
-0.056825113
0.09599059
0.048627377
-0.06310201
0.059000064
-0.062412094
-0.066359736
0.06335037
-0.06808727
-0.099808626
-0.023652745
0.018191982
-0.03365643
-0.048541047
0.0303761
-0.060497332
0.031970073
0.03554864
0.0032576562
0.048218038
-0.068364
-0.07012911
-0.070017986
-0.0044418336
-0.031890847
-0.096266985
0.08206063
0.008405829
0.004177451
-0.049674224
0.064757705
-0.03250978
-0.024102712
0.041066505
-0.045215037
0.014376402
0.08201604
0.08221071
-0.037675023
0.055851486
-0.060843326
-0.06291399
-0.05953386
-0.08154493
0.07217236
-0.037015606
-0.061240222
0.09624074
-0.09936457
0.008750535
-0.07154582
-0.07265971
0.094506525
-0.078507856
0.046640586
-0.06971858
0.06880379
-0.03056252
-0.07576597
-0.049501207
0.024749089
-0.03855119
0.09850629
-0.0096726185
-0.04411919
-0.045228314
0.0144264465
0.09273078
0.09843657
-0.054432966
-0.0021568777
-0.06714237
0.043867636
-0.0037175657
-0.035379052
0.03719089
0.013569045
0.03501017
-0.05807617
-0.09268387
-0.0049135447
0.07968714
-0.007914662
-0.034873582
0.09687934
-0.030774713
0.0070888284
0.08864017
0.040888216
0.022142911
-0.036568858
-0.06395934
0.03539429
0.03246653
-0.072031
0.06539776
0.041989304
-0.0062788725
-0.016435146
0.08740256
-0.019016529
0.021813154
-0.077408455
-0.004535842
-0.04223161
-0.06021905
0.08601727
-0.06402328
-0.040626336
0.069275
0.044854976
0.037136104
-0.08938449
0.077261545
0.057911824
-0.052038264
0.054920293
0.0207644
0.0010517597
-0.04129198
0.03619945
0.013817692
-0.021689106
0.04610565
0.03363924
-0.096960686
0.063965134
0.040561963
0.099058844
0.054478552
0.06720579
-0.059387326
-0.08479378
0.019048477
-0.082164645
0.009349346
-0.017449785
0.08503141
-0.030487275
0.07535882
-0.043980457
-0.093640186
0.063845016
-0.0790756
0.060919214
-0.069177866
0.0947269
-0.044624973
-0.015251947
-0.07097905
-0.07015445
-0.09674561
-0.06325195
0.015809393
0.02343545
0.043011785
0.08557713
0.052930474
0.032676555
-0.07576086
-0.08068722
-0.0010599851
0.004192376
0.0743052
0.030351376
0.006048417
-0.09211665
-0.08189571
-0.058915067
0.021028234
0.061909605
-0.07282002
-0.053329088
-0.053741433
-0.096547745
0.052600574
-0.050922513
0.03659406
-0.018607093
-0.083859615
0.023093963
0.050194025
0.02476821
-0.037361432
-0.005274892
-0.0153117655
-0.055511095
0.025959421
0.029174495
0.05613668
0.076229766
-0.0009061098
-0.036973167
0.0043987753
-0.09229813
0.018103098
-0.08584175
-0.032144286
-0.0020779849
0.049095657
0.049247194
-0.041724373
-0.059887864
0.062935494
0.012497974
-0.066033415
0.052314427
0.058591463
-0.028836345
-0.0793597
-0.08076959
0.043578316
-0.07310128
0.02817278
-0.0066112042
0.044476032
-0.0016397954
0.028230762
-0.054972436
-0.00427413
0.05988114
0.098784685
0.011982036
0.04275465
0.064381145
0.07816024
0.05478854
0.055702973
-0.07364106
0.055774834
0.033800196
-0.08291712
-0.009270835
-0.0404037
-0.059182715
0.0387038
0.04251988
-0.00053229334
-0.044708636
0.099038176
0.006031656
-0.059789397
-0.07497273
0.006296444
0.06461077
-0.016364647
-0.057705667
-0.083764486
-0.056306195
-0.0753439
-0.0431432
-0.07225213
0.025889158
-0.01797533
-0.01750107
0.0077667
-0.08183229
0.07555678
0.063715294
0.0020605803
0.01757188
0.050725725
-0.053103875
0.089941934
0.020382285
-0.0822131
-0.018691992
0.08852463
0.013640428
-0.034830716
0.033023
-0.03995266
0.07383776
0.024176454
-0.044593383
0.07319424
-0.05580113
-0.06114881
-0.012977672
-0.062628746
0.03408737
0.08200472
0.017543888
0.07295773
-0.011289978
-0.09082728
-0.039494183
-0.048491027
-0.08449667
0.055770326
0.048447706
0.087513305
-0.0040824893
-0.03545785
-0.05093341
-0.060397174
0.05877459
0.014287496
-0.008686209
-0.08482116
-0.07873695
0.053797316
0.061287165
0.09185562
-0.0016811371
-0.039979577
0.0033460855
-0.011834526
-0.075251125
-0.060906675
-0.010416174
0.036302995
-0.041154053
0.056997705
-0.05221181
0.028151417
0.099202655
0.025627231
0.065394185
0.0024413348
-0.035670687
-0.0027813911
0.098802306
-0.023706365
0.00030345918
-0.04825306
-0.021331621
0.016368508
0.09925854
-0.054454543
0.04177606
-0.008456445
-0.041378975
0.075540975
-0.083499245
-0.023996735
0.086837485
0.046179343
-0.06497979
-0.014151573
0.05139625
0.028702188
0.034501936
0.010615301
-0.062048674
-0.051047135
-0.078830175
0.08434291
-0.0025522232
-0.00071434974
0.09128797
0.01762495
-0.028328275
0.06168144
0.02105322
0.03534608
-0.034508776
0.04766054
0.025540663
-0.08876181
0.09840617
0.08124738
0.015617967
0.048866656
0.08481629
-0.09321518
0.07760181
0.056708217
-0.06487384
0.022138739
0.08671892
0.015350985
-0.0021278143
-0.07421763
-0.07318845
-0.060545515
-0.03819592
-0.050123762
-0.0067845345
-0.082412556
0.079225995
0.031279445
0.031006886
0.026127338
-0.035981845
-0.072297715
-0.03739324
0.03563125
-0.058927417
-0.07862275
-0.062402822
0.020762777
-0.020843243
0.023724271
-0.043186188
0.07153042
0.08383351
-0.034673166
-0.06985605
0.079460025
0.041315746
-0.043958403
0.088942386
0.051021814
0.052338194
-0.02793379
0.013165784
-0.05996492
0.013787842
0.086314894
-0.03923123
0.04221351
-0.09582438
-0.01395607
-0.06486731
0.043647982
0.03153112
0.021112561
0.075208284
0.009797192
0.080314614
0.020291567
0.022023393
-0.01172688
0.027960634
-0.09272473
-0.069704466
0.08857434
-0.003554678
0.09029379
-0.027897311
-0.024255682
-0.019567013
0.016835643
-0.0033916475
0.032320023
-0.013796735
0.038339972
0.010596371
-0.07374556
0.013237834
-0.098670796
0.011593962
0.026071025
0.0709033
-0.06551607
-0.088883854
0.061747383
0.076973796
-0.06031859
-0.054591488
-0.040833544
0.08984289
-0.057293177
-0.01332407
0.04114714
0.017442156
-0.016570425
0.044141173
0.023628712
0.06851707
0.0022339344
-0.0023617984
0.032583665
-0.04377365
-0.0017656565
-0.023761177
-0.018615818
0.05730007
0.039120484
0.021550251
-0.03047576
-0.060572386
-0.09272778
0.089168526
0.050046276
0.048072767
0.0980552
0.09846516
-0.08056133
-0.053432345
0.028614903
-0.006387067
-0.04394858
-0.0858798
-0.05826044
-0.036210347
0.06748054
0.07634609
-0.080500916
-0.069693856
-0.024610901
-0.009529496
0.09481044
0.060212947
-0.054495405
-0.06634285
0.02933898
-0.0075970176
0.010661793
-0.04235227
-0.061180472
0.085191965
-0.085718274
-0.08903573
-0.08532856
-0.085383676
-0.04518366
-0.03284805
-0.076068066
-0.09476154
0.088948324
0.052601695
-0.033735346
-0.06907866
-0.028521491
0.084681466
-0.059097435
0.033049848
0.009835887
-0.052140426
-0.032341983
-0.05831628
0.081486635
-0.08007886
-0.09119654
-0.06422897
-0.022572923
0.041263532
0.016126418
-0.037793946
0.0025489093
0.093003206
0.052243948
0.04112942
-0.02603574
0.026250983
-0.0275532
-0.09675222
0.024163676
-0.07124074
0.08809536
0.06881674
-0.078347325
-0.02114184
-0.06972382
0.015223885
0.093042925
-0.08690643
-0.03228865
0.09516032
0.099294804
-0.09322522
0.052952003
0.07392829
0.0072967294
-0.008568835
-0.06485026
-0.09592886
0.021687174
-0.044128157
-0.07711883
0.07358911
-0.05913024
0.050239515
0.08325233
0.09153447
0.021516323
-0.049402382
-0.0759532
0.025097966
-0.0025470257
0.097536616
0.008140397
-0.046709683
-0.07842703
0.044201948
0.09781549
-0.014123154
-0.08683331
-0.027868295
0.09300306
-0.00061404705
-0.06369553
-0.06630345
-0.04762707
-0.020993544
0.028429914
0.05723784
0.06314881
0.008997679
-0.01927383
0.07940457
-0.081400946
0.087675236
-0.07276028
0.00320549
0.0556638
0.07786391
0.08657267
0.07690673
-0.059339214
-0.07388854
0.025258899
-0.0059280396
-0.011086846
-0.040234186
-0.05959344
-0.011402893
0.062064696
0.08679142
0.053841352
0.08074611
0.097941995
0.03792281
0.03446002
0.052342203
0.0987592
0.08176551
0.058143925
-0.098966554
-0.08719502
-0.005146933
0.028065754
0.08713732
-0.038103797
-0.0040376424
0.057805087
-0.012875008
0.07262506
0.042170715
-0.070385955
0.014701724
0.016888453
0.047976494
-0.0690027
-0.00060691836
-0.08142858
-0.042001177
-0.015795875
-0.06256604
-0.01416328
-0.01032691
-0.063293695
0.07104845
0.04931879
0.058679726
0.01986189
-0.016915012
0.08891747
0.03591323
0.03836727
-0.0013763666
-0.014412594
-0.07594955
-0.053157356
-0.05155034
0.09220729
-0.09157453
-0.011597705
0.009136272
0.062810324
-0.08541596
0.037965942
0.05113418
0.06368756
-0.06212027
-0.08847918
0.093247846
-0.097902946
0.010934186
0.048994925
-0.024498725
0.028729558
0.08319123
0.08525131
0.091604784
0.014310407
-0.0809808
0.08669555
0.016606212
-0.086749054
0.035850193
0.09886742
0.0076100114
-0.049711015
0.0952569
0.09656265
-0.060773876
0.089531444
0.084146
-0.07879465
0.0914125
0.02458079
-0.0912559
0.087204956
0.037538934
-0.06787937
0.07060137
-0.0050345897
-0.056716274
-0.02011292
0.080591895
0.086940266
0.04083803
0.0037888766
-0.07380738
-0.0026222945
-0.04350412
0.042447306
0.048337128
0.09431372
-0.012578177
-0.004301858
0.058021832
-0.023243714
-0.0165519
0.062685825
0.011234499
0.0959219
0.07736993
-0.061994195
-0.08918812
-0.059136655
0.031921484
-0.018190956
-0.034104157
-0.062202193
0.085841134
0.031264354
0.08567174
-0.05273533
-0.083811715
0.0465868
-0.08240485
0.035479475
-0.04966409
0.022199368
-0.056147244
-0.031098867
-0.0011164189
-0.07025013
0.03979471
-0.02590859
0.094332
-0.08687878
-0.039103102
-0.08279896
-0.08030047
0.07694607
-0.03966811
-0.049537446
-0.08951926
-0.071491815
-0.07471569
0.0076772454
-0.03152261
-0.043256592
-0.06444371
-0.09003963
0.037438154
-0.07269471
-0.05679531
-0.09528422
0.0078870775
0.010036111
0.0493598
0.068811916
-0.008461284
-0.032719444
-0.03124249
0.041228678
0.024548365
-0.057611253
0.013600516
-0.034958243
0.061781406
0.09603949
-0.043845605
-0.043149617
-0.042917468
0.06106632
0.015615821
0.014109397
-0.027182603
-0.066884615
-0.014584041
-0.06680148
-0.040738083
-0.07985246
-0.0041880133
-0.07437103
-0.024733806
-0.06592677
0.07120483
-0.062203575
0.09675302
-0.02967391
-0.01351688
0.0039523602
-0.048617817
0.0775254
0.01003697
-0.0580724
-0.058793616
0.06614792
-0.04159062
-0.09926941
-0.065279245
0.019391537
0.06602283
0.083478786
-0.0107077835
-0.06947463
-0.07280395
0.036138725
-0.07421763
-0.062301636
0.031375337
0.07410512
0.028062701
-0.020736957
0.08493476
0.08514631
0.095098495
0.033096384
0.07438095
-0.09338713
-0.040756583
-0.0793361
0.085799314
0.05113299
0.064060114
0.04107647
-0.024752593
-0.044565916
-0.013631201
0.098127104
0.07793956
0.031259943
-0.004697585
-0.0544163
0.039482426
-0.041853096
-0.03931401
-0.099593714
-0.021223307
-0.034671377
-0.0053292275
0.008012652
-0.019110966
-0.049397852
-0.09161575
0.01757276
-0.0892452
0.022041058
0.08789461
0.04138291
-0.0940712
0.08862412
-0.09749847
0.006035471
0.019988036
-0.020654058
-0.047787905
-0.049387123
0.035780024
-0.014779902
-0.091771126
-0.03528254
-0.06634288
0.08889625
0.04867954
0.099383764
-0.067766905
0.021593286
-0.014059401
-0.079828285
0.00024280549
0.0598696
0.052149035
-0.045563746
-0.06589766
0.09732056
0.08131826
0.09783874
0.018137192
-0.015692806
0.047831513
-0.035749912
0.06432205
0.06986468
-0.09438258
0.0530406
0.034503747
0.09776149
-0.05730052
-0.07032154
0.0058831456
0.09922242
-0.094641544
-0.08600648
0.017495776
0.016650056
-0.002490139
-0.09238739
0.01956637
-0.07334366
-0.014225912
-0.042057563
0.023654152
-0.05481131
0.035788443
-0.09384692
0.09031921
-0.029905796
0.09085796
-0.06938262
0.0070970776
-0.029695773
0.08217447
0.039038945
0.069718026
0.07808869
-0.036017444
-0.00066015724
0.09605308
0.024500513
-0.047105577
0.0017200947
0.062773995
-0.0254277
-0.02638786
0.07164202
-0.0774941
0.06403174
0.080549195
0.04793017
-0.07156413
0.012410712
-0.030054927
-0.02507398
-0.06464539
-0.0726995
-0.054932546
-0.05584631
-0.022068834
-0.062951446
-0.030945778
0.049101304
0.026992513
0.031917144
0.084571816
-0.020630002
-0.020838214
0.08217678
-0.0048472644
-0.06823897
0.060506105
0.087122105
-0.046242546
0.004116607
0.008287621
0.05829928
0.04352484
-0.076906376
0.031273175
0.0064555886
0.057769872
0.09650316
0.0174613
0.057714272
0.09298823
0.030830503
0.02970543
0.09248402
0.01782701
-0.08765457
-0.07144516
0.06199596
-0.08536823
0.07611733
-0.01011951
0.09310644
-0.06565831
0.07600849
0.02318132
-0.08963428
0.07428513
-0.08924895
0.021274759
0.04732251
-0.03150866
0.031594466
0.007282853
0.06546028
0.05310216
0.096251585
-0.023536658
0.036680985
-0.019696666
-0.052952267
0.021483231
0.07166924
0.0061360598
-0.039929654
-0.09185598
-0.040557887
0.007225156
0.08103867
0.0888223
-0.07919615
0.01086607
-0.09255552
-0.06352317
0.061992
-0.06181276
0.018528773
0.00088584423
0.020278359
-0.081541136
-0.046649385
-0.038597774
0.08862145
-0.098454215
0.076253034
-0.061919786
-0.06074207
-0.028556395
0.074246936
-0.03974855
0.07811153
-0.083286814
0.018880917
0.092506126
-0.09755593
0.09696293
-0.043239143
-0.07247796
0.080978945
0.055104185
0.01968124
0.026487922
-0.008523322
-0.0066429856
0.06539597
-0.03502443
-0.06235466
-0.026827788
-0.08633001
0.07854181
-0.086083986
-0.023298955
-0.030596782
0.06077237
-0.09671521
0.03620956
0.09677122
-0.045029975
0.009258461
-0.07815578
0.0042796615
0.055014517
-0.01150651
-0.035200953
-0.061159085
0.0869442
0.046243954
0.042659547
-0.093566775
0.00015709401
0.08754456
0.07969167
-0.017918779
-0.09644373
0.07898543
0.051998045
0.05229626
-0.022879457
0.08617196
-0.07485695
-0.014703417
-0.07664056
0.014526486
0.032781076
0.07419546
-0.031924773
-0.0678324
-0.09795518
-0.037321713
0.015988564
0.000651598
-0.05137644
-0.009085679
0.05037365
-0.020812273
0.08388927
-0.07781243
0.05979812
0.059678126
-0.069848135
0.009651089
-0.0892268
-0.03890984
0.09229236
0.049826454
0.05970731
-0.0018840313
0.016263867
-0.09817412
0.04634309
-0.073868394
-0.035020877
-0.03534274
0.05846565
-0.023235679
-0.005245471
-0.069551185
-0.05828271
0.06499622
0.09054034
-0.099525236
0.045300033
-0.0020956756
-0.031272817
-0.08587475
-0.0639982
0.0054304125
-0.086890675
0.06797047
-0.073085144
-0.099613
-0.072072126
0.018551707
0.015407396
0.09698322
0.09220729
-0.020115305
-0.09741189
-0.098216556
-0.018922735
-0.07037175
-0.016155029
0.029067516
0.034106113
0.01716323
0.013735056
-0.03267033
-0.02498479
-0.046629477
-0.07622516
0.056260824
0.009586692
0.079280905
-0.061583925
0.06251736
-0.055491637
-0.09870148
-0.08475073
0.044426274
0.008925176
0.07197028
-0.043522716
0.0429456
-0.06887581
-0.09927521
0.06035459
0.029773427
-0.049013067
-0.08367147
-0.02909503
0.029352212
-0.046512198
0.06131449
-0.062006187
-0.077705145
-0.097450994
-0.09544342
0.01831019
0.014463091
-0.083202556
-0.04625666
0.003145838
-0.026395107
-0.010352612
-0.0034174204
0.03366976
-0.062970854
-0.038066294
0.000012683869
-0.04288249
0.094763875
0.076845385
-0.018555809
-0.03730011
-0.08178375
0.09652343
0.08005013
-0.07512853
-0.025222516
-0.09418922
-0.07167194
-0.011566997
-0.08608444
0.07197151
0.083760165
-0.09954131
0.064630724
-0.043130875
0.029186202
0.09213205
-0.024450993
-0.014148021
0.066705965
0.03754878
-0.050307274
-0.06563556
-0.08359511
0.053362753
-0.036062002
0.023564244
0.09569984
-0.097704485
-0.010608721
0.06470197
-0.026214672
0.019435167
-0.065036654
-0.03690071
0.049077153
0.0039243223
-0.010237074
0.014170147
0.055972245
0.048896935
0.045534015
-0.027015423
0.023946572
-0.07883008
-0.031801343
-0.040257692
0.05846727
0.03376193
-0.0651207
-0.040045597
-0.0755044
-0.03939092
0.09196315
-0.05040071
-0.091427736
0.023489429
-0.024457289
-0.004384208
-0.026873875
0.08352702
0.026059365
0.036703564
0.066799305
-0.07778754
-0.09129405
0.0052068233
-0.098809674
0.09619949
0.054552175
0.045874763
-0.033219576
-0.00791297
0.064892724
-0.094824724
0.021228313
0.042108607
0.08294871
-0.017889142
-0.0010266065
-0.06690683
0.054323103
0.08720215
0.07136259
-0.0035752058
-0.0542789
0.02719803
0.0068258047
-0.002511096
-0.015195894
0.07031038
0.017175818
0.02422974
0.04009807
0.015068269
0.028669572
-0.06396647
0.056960057
0.014451575
-0.022117926
-0.0032672167
-0.058538485
-0.046496965
0.06315179
0.09893139
0.040380884
0.06538055
-0.07220411
0.0739909
-0.09430432
-0.028799867
0.077040985
0.01775155
-0.08273735
0.04080062
0.07724395
-0.061532427
0.052233815
0.008968162
-0.014932728
-0.038349297
0.020835567
-0.08161407
-0.06686749
-0.067562655
0.019045448
-0.023424745
0.016184354
-0.011577702
0.04271233
-0.07183345
-0.067058735
0.022703648
0.0047599315
0.026083041
-0.021652197
0.066000104
-0.024646236
0.0029233457
-0.0034416914
0.051973272
-0.023499727
0.043587305
0.016260529
0.008935857
0.09158206
0.057756186
-0.02192204
-0.0487854
0.08563743
0.06353042
0.05635767
0.09876921
-0.08493369
0.08675497
0.051657964
-0.046784665
-0.03078859
-0.012059355
-0.016601348
-0.04376731
0.01179986
0.012766147
-0.021460582
0.08355536
0.009584236
-0.069572784
-0.0855175
0.064380646
0.038781025
-0.01129241
-0.038299657
0.061674405
0.095479086
-0.048140526
-0.0256377
-0.02614119
0.097076535
-0.095355056
0.0036224842
-0.0631624
-0.07192796
0.07203686
-0.014608241
-0.06614282
-0.041328143
-0.038504314
-0.05058191
0.09840534
-0.049613953
0.030863477
0.09437032
-0.07103612
0.032131054
0.035615396
-0.03026445
0.031999923
0.06766202
0.025341226
-0.0017221451
-0.091525316
0.06680276
0.045439124
-0.06333852
0.08061786
0.085263945
-0.036118697
-0.0056131124
-0.06696635
-0.03503592
0.019976377
-0.0016492367
0.03293958
-0.058645654
0.077894285
-0.021696806
0.006665087
0.03528309
-0.09262862
-0.06718109
0.087374285
-0.057646275
0.037003018
-0.04416993
0.0155303
0.021976233
0.013401342
-0.05519669
0.033110954
-0.024984097
-0.014537669
0.08245635
-0.0028759004
0.005245519
-0.08022394
0.051068164
-0.09141014
-0.038158752
-0.060364794
0.04748247
-0.016083455
0.006123519
-0.09487438
0.008917379
0.07435832
0.05894046
0.06307819
0.07471669
0.051228166
0.09114597
0.05916853
0.04444809
-0.022190714
0.010983181
0.07155354
-0.07806297
0.04186349
0.016237712
-0.03970039
0.020921921
-0.014549804
-0.08334289
-0.050093006
0.07733595
0.058758665
-0.023057818
0.0005154133
0.0064282897
-0.06190598
-0.022131516
-0.08937218
-0.023755718
0.024404908
0.05150795
0.07295735
-0.08375323
-0.07247837
-0.08667388
-0.013165045
-0.02425654
-0.0046140435
-0.0020240785
0.09024625
0.079095416
0.09578667
-0.017651057
-0.018135024
-0.035108496
-0.07657883
-0.08998628
-0.06624422
0.040130522
0.055255365
-0.09573076
0.08301759
-0.08954406
-0.05986326
-0.03284223
0.032399107
0.06167059
0.07290309
-0.054595757
0.004081774
-0.046579767
-0.06988075
0.07200513
0.07282636
-0.0570328
-0.01926272
-0.09873891
-0.053414155
-0.06392908
-0.06602273
-0.0823766
0.0710937
-0.038509727
-0.05357776
0.008790565
0.019322371
-0.07690036
-0.078797534
-0.0930747
-0.0015400648
-0.07995806
-0.09720176
0.00562017
0.07175467
0.008541822
-0.0067494633
0.07086666
0.073369384
0.0026510716
-0.0903286
-0.046406914
0.027165128
0.022255803
-0.0059140446
-0.09307041
0.04917705
-0.050782826
0.077153705
0.035344362
-0.02464645
-0.009989715
-0.012048054
-0.09052914
0.0715014
-0.025226379
-0.04632795
0.04811442
-0.0820457
0.06934378
-0.08557134
0.062252164
0.012440181
0.08143282
0.09270861
0.06595242
0.07289715
-0.052703667
0.039569166
-0.05613153
-0.0048031094
-0.014854503
0.05727768
-0.037481498
0.010218239
-0.056929182
0.026084686
0.04436159
0.06644771
0.099611096
0.029062582
-0.06846173
0.03286705
-0.038555812
-0.09444404
-0.0016751767
-0.023698617
-0.0061573028
0.08648353
0.06566918
0.024193097
0.0037409307
-0.05411482
-0.02819903
0.07861121
-0.021176338
-0.04450605
-0.096883394
-0.094088964
-0.07500642
0.017184664
-0.038561203
0.035060048
0.008769679
-0.066781305
-0.028451635
-0.090580486
-0.03966222
0.06096685
-0.07456076
-0.042903017
-0.066813946
0.08919563
-0.08540547
0.095895745
-0.06877084
0.058626678
0.017604996
-0.031550147
0.0151146175
0.07524071
0.069465995
0.011160374
-0.096722744
-0.06658232
0.03337529
-0.052013755
-0.086464
0.016003752
0.010390306
-0.0024053573
0.05808084
0.011032986
0.047837544
-0.08519018
0.0888772
-0.04875293
0.035868477
0.04808543
-0.06616046
-0.059097674
0.04995947
-0.062117316
-0.08730071
-0.0639354
-0.09281202
0.090754464
0.07815397
0.071732834
-0.07983456
0.080719545
0.015515375
-0.03951154
-0.01572001
0.0019652606
0.06997972
-0.057226803
-0.09003263
-0.045698285
-0.046729088
0.0132617
0.06591699
-0.021525813
-0.096039675
-0.01592772
0.016641522
-0.06091416
-0.06856578
0.0463722
0.04242289
0.03852296
0.023557926
-0.08650112
-0.04155786
0.0043215514
0.0052038194
-0.094897486
-0.08023906
0.060335614
-0.07743702
-0.08589268
-0.08159969
-0.0015922785
0.082914405
-0.044904638
-0.026404692
-0.05505958
-0.045359064
0.03170047
0.010992646
0.039642572
0.06736255
0.027159167
0.02820151
0.09239926
-0.081167154
0.087109976
-0.09248829
-0.06855998
0.053705003
0.033780027
0.009211016
-0.049301125
0.09377251
-0.04573519
0.03823283
-0.053112533
0.087644175
0.0034796954
-0.03710444
-0.050251197
-0.009957457
-0.07381075
-0.033641912
-0.047077347
-0.0448591
-0.010291672
0.046449494
0.07147286
-0.02382729
0.014970995
0.007273793
-0.025687052
-0.006516242
0.09111538
0.026356792
-0.0035797358
-0.09457972
0.015497136
0.06934674
0.024581838
-0.017975593
0.0034448863
0.028783608
-0.09419959
0.014671231
0.009744072
-0.07063673
-0.044053983
-0.015348124
0.030985212
-0.07859554
0.0006145001
0.09501739
0.07089879
-0.0060467245
0.0872962
0.019691754
0.04122119
0.023030305
-0.047790337
0.07390304
-0.041178513
-0.029103756
0.022328783
0.06954572
0.07971483
-0.07373815
0.01891892
0.06338809
-0.052284505
-0.09210706
0.08285596
0.080732465
0.0047798636
0.06995278
0.02966752
-0.014143253
-0.017556071
0.063242845
0.03814113
0.0727736
0.07964235
0.083135106
0.08545919
0.044990897
0.027500296
-0.037541103
0.060775187
-0.06605106
-0.09818127
0.09859569
0.03524952
0.0020979643
-0.09722092
0.032907367
0.009281564
0.06300316
0.08770394
-0.013964129
-0.010003305
-0.047036912
-0.024413824
-0.078582406
-0.08459377
0.06226144
-0.028562045
0.015436197
-0.09375968
0.03786266
-0.095291115
0.09351833
-0.059361745
0.041279055
0.02371006
0.06674268
-0.059619453
-0.09001646
-0.002805853
0.06862698
0.094317555
0.08596468
-0.020673156
0.031517696
0.06315565
0.047739934
0.048386026
0.072390966
-0.07634344
-0.06052501
-0.0006196022
-0.016905999
-0.043864083
0.012951493
-0.02786963
0.0029348612
-0.002165389
0.014953041
0.018485904
0.04040773
0.05736511
-0.038247373
-0.082994126
0.0508683
-0.0555661
0.008982706
-0.021368528
0.06611293
-0.03221145
-0.082746245
0.026545882
0.027721882
-0.08889995
-0.005273938
0.02701807
-0.053028584
0.06880534
-0.054480504
-0.07261727
-0.07601593
-0.02663138
0.023010468
0.05068033
-0.01664102
0.04565945
0.031159163
0.008558536
-0.052883793
0.017151285
-0.094313405
0.03179736
-0.008162689
-0.05106101
0.05307846
0.011116052
-0.08161409
0.055303335
-0.027263546
-0.05891521
0.09719501
0.05199411
-0.058156516
-0.09886425
0.03435867
-0.07074659
0.03167653
0.067245625
0.029566908
0.0024716377
0.09305978
-0.042632747
0.025032187
0.06110406
-0.07957452
0.02984414
-0.056360174
0.019214988
-0.027104903
-0.00009562969
-0.03357215
-0.0028902055
0.096201755
-0.051927924
0.03186791
0.04517827
-0.060062766
-0.011178828
0.09395547
0.036404397
0.09910233
-0.056627464
-0.028157188
-0.07688954
0.09433625
-0.016560126
-0.04973836
0.0496166
-0.08636031
0.089888714
-0.05689154
-0.07676971
0.027635384
0.010756564
-0.0030243397
0.0833231
-0.042629074
-0.067105435
0.07212472
-0.004653883
-0.092069104
0.074871875
-0.06466486
-0.053249646
-0.0016115665
0.095686965
-0.0398252
0.06717513
-0.027388668
0.029062772
-0.06547809
-0.08387413
-0.061230708
0.034162976
-0.04288094
0.023751736
-0.071597435
0.007355213
0.020508885
-0.011771011
-0.055459976
-0.047336817
0.06407221
0.01712346
0.048939444
0.040511634
0.04943774
-0.099776484
0.01999774
-0.071863346
0.0056862356
0.099054694
0.024094487
0.060010266
-0.012440753
-0.0103286505
0.036191057
0.047325183
-0.01903441
-0.031017257
0.08732813
-0.08346565
-0.049399782
-0.000025773048
-0.034513213
-0.045260143
-0.086726524
-0.09488314
0.059972476
-0.00483923
-0.039469864
0.012959289
-0.079280354
-0.0022838116
0.09295237
0.04034319
-0.046136547
0.039836954
-0.04677851
0.003999257
-0.0472445
0.00677619
0.095201254
-0.0030179739
0.06689346
-0.006136775
0.046870258
-0.018126726
-0.08150349
-0.006922245
0.051526595
-0.0552593
-0.009378123
0.003934598
-0.028881146
0.02923789
-0.0893745
-0.041794088
-0.080039
-0.084949635
0.055529714
0.065447025
0.08032801
-0.07927356
-0.05668321
-0.06455042
0.020080471
-0.048214793
0.012667633
0.0021387578
-0.03450675
0.0045072795
0.05540352
-0.09936102
-0.013401222
0.013304568
0.06726499
-0.026922656
-0.09571805
-0.031982806
-0.0026637556
0.017835904
-0.05680096
-0.04506154
0.08497882
0.010407067
-0.09084194
0.00036222936
0.058040526
-0.07145107
-0.067694955
0.091709785
0.08617532
-0.08573096
0.057830095
-0.06022339
-0.00006995201
-0.04762752
-0.053058434
0.039369512
0.0538203
-0.02743349
-0.046723604
-0.035890605
-0.048218776
-0.0857723
-0.03865545
0.08799217
0.031300902
0.07115638
-0.008321571
0.027254343
0.05123062
-0.061125327
-0.07121565
-0.031570103
0.07979071
-0.057809737
-0.040599536
-0.032729674
-0.0043836357
-0.03867748
0.024918033
-0.09564908
0.02253542
-0.084137015
0.09064839
0.021551585
0.057903506
0.012183333
0.08755934
0.06496435
0.09587579
0.06984458
-0.047158815
-0.03847034
-0.042915106
-0.03845663
0.068578124
0.03784163
0.035092235
-0.012702179
0.05017252
0.09530287
0.05035777
0.069672994
-0.077860475
-0.018076062
-0.0246799
-0.0944557
0.09121976
0.040214445
-0.039353203
-0.09771967
0.022965765
0.07521055
-0.044529915
0.06047201
0.024155593
0.02392683
0.06436906
-0.08072298
-0.029238343
0.066837884
0.07726934
-0.07493346
-0.04520924
0.05556333
-0.049179744
-0.025418807
-0.06708987
0.063930586
0.008958436
-0.00946846
-0.098340034
0.023275543
-0.06654165
-0.08938839
-0.023779703
0.06302903
-0.07775857
-0.06404667
0.03210268
-0.07347017
0.099533655
-0.07991009
-0.060538508
-0.07195725
0.017395426
-0.0030475617
0.0692662
-0.015017104
0.038315248
0.09882221
0.06924751
-0.08851495
-0.027767373
0.011223174
-0.08756864
0.055821802
0.09748204
0.053985264
-0.052048683
0.07251761
-0.03357313
0.005633879
0.09354892
-0.08941281
-0.047306012
-0.030394673
0.063708685
-0.07280195
-0.07936831
-0.035469748
0.035331845
0.006082368
0.08470893
0.042738628
0.025705934
0.026649857
0.06779616
0.0076819896
0.03117559
-0.018767143
0.081723094
-0.012901974
-0.07285028
0.086648755
-0.030046582
-0.033713292
0.0818429
0.080683164
-0.08451801
0.019753551
-0.085703276
0.08267772
-0.02958486
0.03873999
0.027643776
-0.03660631
-0.042219378
-0.09873984
-0.009197879
-0.029795004
0.098194815
-0.09744506
-0.040019322
0.09642265
0.057395246
0.08703478
0.010056639
-0.06951077
-0.024771571
0.0727238
0.07238727
0.02443912
-0.06518753
0.098943375
-0.042601775
-0.056282353
0.07726665
-0.03846314
-0.098642424
0.055849075
-0.05054381
0.020766497
0.09191821
0.080522254
-0.03742459
-0.041747212
-0.012766743
0.08077481
-0.09118219
-0.026509738
-0.09573014
0.08522072
0.06549926
-0.031961825
0.09021163
-0.08776369
-0.048618793
-0.007264042
0.053566884
-0.011039448
0.08922098
0.072561644
0.011473203
-0.054714944
0.05616
0.012624979
-0.0065876245
0.004452729
-0.048885416
-0.021478487
0.05439756
0.045040824
-0.08243432
0.011958814
-0.022089912
-0.059359193
0.07738304
0.05167372
0.009613252
0.046724226
-0.01063993
-0.008178926
-0.0262228
0.048398614
0.089564875
-0.014784098
0.016067386
-0.006452203
-0.0683487
0.07434821
-0.059468627
-0.013529516
0.06261189
0.018210698
0.037579227
0.015114761
0.06303503
0.022659158
-0.08077925
-0.06251357
-0.01389308
-0.064891
0.039424922
-0.09128206
-0.0005806923
-0.019861937
0.023044849
0.009574413
-0.08398149
0.05501604
0.021521186
-0.03988693
-0.01245997
-0.086945705
-0.027453994
0.029521609
0.030705644
-0.012278343
-0.0111066345
-0.03368442
0.02023368
0.014670062
-0.032014277
-0.010365963
-0.016898585
-0.086316824
0.059746433
0.060617354
0.059054114
0.049633622
0.09579392
-0.0403064
0.09995823
0.0020634176
-0.09867227
-0.04970193
-0.07092839
0.00125556
0.07190106
0.0078116893
-0.073631905
-0.029576516
0.016514063
-0.065715745
-0.015288425
0.09100404
-0.062075593
-0.03109398
0.040234398
0.07525513
-0.034553315
0.06700237
0.033777166
0.027728368
-0.027487064
-0.06855629
0.069040276
0.09978247
0.016951013
-0.0074347737
-0.0709415
-0.033242296
-0.08478444
-0.07653644
0.065958045
0.08683033
0.011711359
0.08072779
0.014241815
0.029329015
0.024912262
-0.07201319
0.020018054
-0.05908463
0.011493039
0.014910269
0.013109255
0.0003437996
0.07995818
-0.031934023
0.02301073
0.08853529
0.08545976
-0.06130245
-0.0052661896
-0.03372276
0.0067938804
-0.013735056
-0.05630522
0.061613966
-0.040120196
0.038792707
0.0578666
-0.099519275
-0.034952927
-0.053892042
0.09278438
0.097643495
0.070654966
-0.0133724455
0.083619885
0.09307416
-0.008294917
0.0011285543
0.0741364
-0.073521376
-0.060916018
0.004275584
-0.01137054
0.06166315
-0.061081935
0.06602204
0.012225747
0.0068945647
-0.015980864
0.02840655
-0.050151445
-0.01364739
0.042619016
0.08259821
-0.04589348
-0.08005953
0.08994541
-0.033176113
-0.009880996
0.02797308
0.08571088
-0.057278275
-0.09268647
0.006340814
0.07804213
-0.026355077
0.076310016
0.047379255
0.058357146
-0.0906219
0.04315994
-0.042147517
0.049427748
0.024053145
-0.01768632
0.08100481
0.031545665
-0.0053452016
-0.04541583
0.007332206
-0.07778251
0.084246896
-0.098387815
-0.09346662
-0.046501067
0.07552743
-0.07858262
0.021375466
-0.049665548
0.05771158
0.045923233
-0.05968807
-0.012700724
-0.01625855
0.023423815
-0.05807061
-0.06758125
-0.083704524
0.0038408996
-0.08410337
0.06430252
-0.09734338
0.04540303
-0.08210571
-0.018768955
-0.042161297
-0.030799055
0.050824475
0.07522895
0.013440776
-0.07548251
0.08732524
0.074794196
-0.08774295
0.057142235
0.089351416
0.05860169
0.08329165
-0.006823826
0.06500347
0.03343737
-0.09244108
-0.08225961
0.07631624
-0.058931638
0.058699634
-0.007618761
0.08190143
-0.0065237284
0.02009151
-0.059675362
0.034280397
-0.075328045
0.06201906
-0.03244822
0.05601549
0.031349182
-0.06462836
0.0058894637
0.059063602
-0.034585427
-0.012800765
0.009311939
0.04842634
-0.0072438004
0.07317527
-0.08563154
0.07700141
-0.03081255
-0.027260518
-0.058895018
0.029488683
-0.08303423
-0.020835018
-0.07336443
-0.07317217
-0.08651185
0.071027495
0.060288597
0.035110977
-0.020313477
0.05170195
-0.017869188
0.09905877
0.03521483
-0.08218284
0.047110986
-0.032685637
-0.027328705
0.008945084
0.020067072
0.033353377
0.0006752968
-0.0020689727
-0.0017169475
0.04168997
0.058108546
0.054483723
0.030898595
0.043521285
0.027856184
0.019665051
0.09164798
-0.02523756
-0.08645983
0.068801835
0.067046
-0.04397421
-0.012277007
0.022078706
-0.0044522285
0.05459335
-0.010757804
0.030844355
-0.015657736
0.0452487
-0.063243985
-0.012511874
-0.009421659
0.038793873
-0.08335014
-0.0010578394
0.017329788
0.09946642
-0.09325011
0.048720457
-0.0345181
0.095106654
0.031718493
-0.07879162
0.014707136
-0.007998037
-0.032882143
-0.03318577
-0.08355107
0.022925163
-0.0603601
0.008715344
-0.032482576
0.024380613
0.019168926
0.0861546
-0.04587474
-0.043314386
-0.07510858
-0.07734211
-0.041941095
0.03185315
-0.08962252
-0.02970891
-0.046934128
0.023022199
0.019089198
0.04876218
-0.05237646
0.08887086
-0.00994277
-0.002491355
0.030596877
0.043524362
-0.039892484
-0.036675144
-0.04382515
0.095356606
0.05133989
0.04029286
0.047416475
0.028014446
-0.0673085
0.07165589
0.03270023
0.096288875
0.05116985
-0.09136172
-0.06740222
0.090888955
-0.05145502
0.08148575
0.022386719
-0.045731474
0.06401887
-0.036565494
0.02782805
0.017352223
0.09363051
-0.08252847
-0.03560145
-0.06924298
0.083763815
-0.034441352
0.025964452
-0.05455179
-0.07079184
-0.003841734
-0.099942684
-0.05585294
0.015713453
0.09126633
0.040488243
0.05196972
-0.016036391
-0.09851766
0.09067257
0.038957596
-0.06532686
0.07178762
0.04033761
-0.03227935
-0.037087034
0.066892624
0.07145267
0.079497956
-0.0395072
-0.08609488
0.0033056499
0.06301098
0.026292587
-0.06627627
-0.054436874
-0.0039733173
0.06576951
0.04137602
0.076746635
0.07970207
-0.08535311
0.013052869
0.09934261
-0.09361141
0.018077135
0.0213063
0.07933493
0.06378608
-0.08571813
0.021831227
-0.06858814
-0.070999384
-0.005662489
-0.012932682
-0.053904723
-0.014241886
0.07228527
-0.06123147
0.006175375
0.049931027
-0.084178165
-0.05839355
-0.09841972
0.008634806
-0.09429925
-0.010913563
0.06192286
-0.092789724
0.08132243
0.086297445
0.085605815
0.016567826
-0.07738419
0.010556293
0.0979444
0.06868692
0.08256631
0.04888444
0.0005281687
0.083598115
-0.053349234
-0.07811683
-0.05715082
0.08334422
0.047397852
-0.09901529
0.0148489475
0.067589425
-0.09558957
-0.05919354
-0.04712081
0.07464645
-0.03400364
-0.09137988
0.023188591
-0.0070910454
0.007956696
-0.09244616
-0.08840139
-0.0521286
-0.0845057
-0.01802876
0.06823726
-0.08254426
-0.06856074
0.01469779
0.09766996
0.05584948
0.07709968
0.0045015337
-0.07807584
0.029367685
-0.021529913
0.06899369
-0.062995724
-0.04117098
-0.07946449
0.06902523
-0.0787869
-0.050491285
-0.031659342
0.067393616
-0.09595709
-0.08252969
0.08243656
-0.09768274
0.09998808
0.09691799
-0.07043002
0.08726819
0.019960094
-0.056064796
0.062649325
-0.05665734
-0.09897375
0.0016750813
-0.09471941
0.068860315
0.06812675
-0.05419865
0.09915688
-0.043375064
-0.012956977
0.06847005
-0.015948845
-0.009015369
-0.034820605
-0.08459204
0.029417325
0.032171797
0.019035196
-0.05447011
-0.09301358
0.046179723
-0.041659094
-0.000008893013
-0.07707565
0.02363391
-0.022253275
-0.053899862
-0.04335363
-0.08825219
-0.092469625
-0.039607573
-0.08568602
-0.07292142
0.072223544
0.055668283
0.08514152
0.018603181
-0.025950981
0.021773864
-0.04458921
-0.07989516
0.047229577
-0.0893255
0.0026142597
0.022797896
-0.009799457
-0.07867904
-0.035602022
-0.04230049
-0.014574504
0.009944439
0.027929544
-0.009341431
-0.036249876
0.07749977
0.02268467
0.057344485
-0.073286556
-0.017233038
-0.056626823
0.06335709
0.03118372
-0.091537885
-0.03450601
0.083442114
-0.029422833
0.06021278
0.026084185
0.071046926
0.07531462
0.015654659
-0.08001385
0.087784626
-0.023628235
0.024332333
0.030277014
-0.078756504
0.09243255
-0.04021504
-0.032115865
-0.0591228
-0.09323066
0.048579883
-0.04772079
0.018712973
0.025844788
-0.06395676
-0.048878383
0.020138001
-0.0064507485
-0.030271864
-0.049916673
0.07234681
0.071320966
0.017074872
0.07520576
0.032146573
-0.049013685
0.051983953
-0.012482357
-0.09350228
-0.09531911
-0.047871258
-0.013596082
0.025061369
-0.088046454
-0.03109963
-0.021608068
-0.037161995
-0.019575668
0.048028376
-0.036593225
0.0446939
0.012560988
0.02854395
-0.058064368
-0.0051261904
-0.03441725
0.05568526
0.08913803
-0.07101307
0.026852036
0.036306333
-0.043484498
-0.01003778
0.072759226
-0.012341881
0.08732257
-0.076464176
0.048772957
-0.057102945
-0.068287924
0.044520285
0.026591802
0.059470084
0.055596497
0.019612623
-0.0005608797
-0.047857095
0.09817686
0.09097841
0.017739177
-0.08101132
-0.0688128
0.019725157
-0.014622593
0.020836188
-0.095324256
0.035540678
0.085868336
0.09979546
0.0398072
-0.020581055
0.024726486
-0.08777385
0.02405641
-0.060906675
-0.06335264
0.09539373
-0.024104787
-0.09277814
-0.05852876
-0.08161054
0.061458256
0.046560455
-0.03921776
0.027000118
0.072977446
0.08020375
-0.08895624
-0.09011133
0.003462553
0.09597307
-0.0061503174
0.021966696
-0.085487895
-0.07423971
-0.01591525
0.06598144
-0.040696073
-0.033327054
0.06558585
-0.09490378
0.03815613
0.005564499
0.020461893
0.065588355
0.007506347
-0.050917175
-0.066460945
-0.099308014
0.009942532
-0.048262574
0.079971075
-0.0557544
0.07718792
0.07065854
-0.02793057
0.07842579
0.033699967
0.032985974
0.032495428
0.037851643
0.04477494
0.053303458
-0.04526646
-0.053308345
-0.09538501
0.06268575
0.041199613
-0.0011980534
0.08430562
-0.06884678
-0.019080115
-0.0035097362
0.06018267
-0.09928489
0.055724453
0.00040392877
-0.041367985
0.009731985
0.08156133
0.05524805
-0.04388659
-0.010903812
-0.008320332
-0.03163452
0.09427855
0.02255044
0.09926198
0.09089448
0.059165265
-0.03903673
0.06292253
-0.058114886
-0.07424486
-0.04423411
-0.016574908
0.008455611
0.09966405
-0.017828131
0.09118493
-0.055230524
-0.0054365634
0.04267726
0.046095636
-0.01656568
-0.0607198
-0.039508414
0.04288819
0.053766515
-0.023314191
0.09261363
0.09565506
-0.042843368
0.058012914
-0.013145161
-0.043185543
-0.02592652
0.011875915
-0.040734816
-0.06115904
-0.06187656
0.05867031
0.059559967
-0.08185194
-0.045825195
0.044365313
0.09767032
0.061085224
0.084010385
0.05205336
-0.04215038
0.047683906
0.063729405
-0.090497375
-0.036681272
0.096105
0.006998849
-0.044856407
-0.028295731
0.017075038
0.03017714
0.08267291
-0.026085949
-0.06751289
-0.023727227
-0.043154
0.03459399
-0.08301049
0.06648066
0.051479053
-0.007463861
-0.088882826
0.020765806
-0.042750098
0.060321357
-0.078276806
0.033093166
0.029942155
0.08992944
0.046143103
-0.07416415
-0.031830836
-0.050408173
-0.08131363
0.018217755
-0.07942934
-0.008795524
-0.070016004
0.018872334
0.02825644
0.07713421
-0.07982981
0.065549634
0.019048309
0.08556562
0.027341103
0.091630034
-0.08692577
-0.0063651563
-0.002101946
-0.030251766
0.014221883
-0.07271059
-0.0943554
-0.067918636
0.03782947
0.07731976
0.020006252
-0.059052657
-0.04857223
-0.044559576
-0.08393302
-0.068388276
-0.0058210134
0.09113963
0.061225917
0.00832162
0.028564
-0.0742894
-0.0012402534
-0.029050946
0.09131086
-0.098381735
0.021726584
0.07744282
-0.05424397
-0.08408292
0.09747851
-0.06463113
0.09640243
-0.08605816
0.093460776
-0.08393226
-0.005605865
0.08947022
0.050863624
0.012140584
-0.056360055
0.09522138
0.08807671
0.046134353
0.0936326
-0.039978813
0.03297205
-0.0040133717
-0.058133673
0.08880284
-0.046049714
-0.08464692
0.09663677
-0.06903606
-0.07548869
0.07441542
-0.09793341
0.021851515
-0.07007289
-0.03071847
0.06650992
-0.056239154
-0.055446863
-0.056958843
-0.08845947
-0.040311743
-0.04273813
0.0037269592
-0.06804748
-0.05725224
-0.014934468
0.02741971
0.028273845
0.002200699
0.025727464
-0.07862184
0.054225016
0.05919726
0.09435191
0.060512234
-0.09716759
0.003976083
-0.017829085
0.049192287
-0.069747545
0.09399917
0.012069034
-0.031078696
0.02997961
-0.062151957
0.028434753
-0.03616946
-0.07512236
-0.033369876
0.06991549
0.05424707
0.05946181
0.072703175
0.05441196
-0.011403275
0.04678905
-0.02371285
-0.07713165
0.029601932
0.05623584
0.039583206
0.07465806
-0.041302945
-0.07016947
0.04642091
0.04808824
0.047347784
-0.09118219
-0.09539504
0.00579052
0.05137079
-0.04295237
0.093867116
0.014590072
-0.08608351
-0.07867887
0.047103312
0.060807467
-0.057617404
-0.031148791
0.07874484
0.07132011
-0.08911023
0.06473396
0.088415146
-0.0255713
-0.07911444
-0.05150607
0.047631502
0.030471135
-0.06328974
-0.050960947
0.014814401
-0.038758375
0.055978205
-0.07838442
-0.036419082
-0.036649942
0.09473252
0.026458764
-0.04373286
0.034160018
0.05648408
-0.053878665
-0.060811974
-0.051618576
0.055875637
-0.06502819
0.02955296
0.015437794
-0.051891018
-0.07942934
-0.07256694
0.057044126
0.09249528
-0.061133217
0.058069874
-0.09874022
-0.09115207
0.046150684
-0.000095510484
0.035488177
0.021163298
-0.069951296
0.033520103
0.04433017
0.052432682
-0.0313936
-0.026013423
0.029496217
0.008556629
-0.0019860982
-0.011230374
0.037110116
-0.03771627
-0.002751279
0.05073526
0.06335872
-0.08516057
-0.00816648
-0.054279517
-0.0024054528
-0.03931875
-0.007699299
-0.07791617
-0.050591376
-0.025229264
-0.086514786
-0.09540158
0.05317035
0.0599412
0.025739217
0.0315887
0.08858192
0.07181995
-0.051080324
0.036100604
-0.028526712
-0.040763713
0.07396527
-0.05523758
0.044751834
-0.058990814
0.024653887
0.06293988
0.00871408
0.02063868
0.039136697
-0.05651424
-0.029175712
0.09551599
-0.0012520313
0.015628815
-0.047899533
-0.09018975
0.078722216
0.0028125525
0.059282422
-0.07867815
0.015921403
-0.08665993
0.045499828
-0.07843917
0.043478012
0.083299376
0.02033918
0.045491744
0.08954811
-0.011048389
-0.04373181
0.065445855
-0.092137575
0.06174333
-0.03700886
-0.06515286
0.062330868
0.03558693
0.024717499
-0.027631378
-0.032079864
0.056159854
0.018138219
-0.051373433
-0.07094605
-0.078859426
-0.064007096
-0.005528784
-0.038329434
0.081879996
-0.07726934
-0.056447316
-0.018436862
0.09165738
-0.08364337
-0.029890036
0.09143102
-0.041489482
-0.03560796
0.08542519
0.0043978454
0.013863253
-0.009971166
-0.07711973
-0.06198437
-0.08115816
-0.023197269
0.08751092
-0.009107972
0.075800754
-0.07632005
0.040446807
-0.07860196
0.015666842
-0.0324332
-0.071144916
0.05034125
0.024318052
0.07032688
0.020029163
0.03415537
-0.008380103
0.023937583
-0.016923571
0.028808285
-0.043014597
0.004204798
0.02911148
0.027682925
-0.012445951
-0.01537447
-0.015256238
-0.09203162
-0.052721072
0.024963235
-0.062013865
0.026614308
-0.0692173
0.023853827
0.05017395
0.089191034
0.011591792
0.022430373
-0.002264142
-0.08302765
0.028639102
0.070707135
-0.08444822
-0.0728842
0.02769177
0.06440592
-0.016024066
0.07556434
-0.032163452
-0.0887959
0.055382635
-0.096525244
0.074459456
0.06844454
0.022637462
-0.015184164
-0.037363198
0.06594553
-0.06798341
-0.019233156
-0.06626051
0.09314473
0.08510082
-0.079181455
-0.039570786
0.03813033
-0.082087755
-0.003173566
-0.0913704
-0.0003708601
0.08509829
-0.0537776
0.06728115
0.04158051
-0.01027925
-0.018855978
0.07816024
-0.018702865
-0.012912202
-0.019315077
-0.009424686
0.03930516
0.0034101724
0.041315127
-0.015496326
-0.032182455
0.091084175
0.081675604
-0.09751351
-0.056800153
0.046874832
-0.05002756
-0.010234761
-0.08536661
-0.011140036
-0.060655188
0.040238168
-0.056860875
-0.02603352
-0.07393694
0.08040724
-0.0063536884
0.064874075
-0.036627363
-0.02567072
0.07632273
-0.030189777
-0.070078634
0.09485548
-0.09795282
-0.09911289
-0.023705913
-0.0107920645
-0.045657087
0.066619925
0.008865261
-0.05379207
0.056761887
0.007636404
-0.07926052
-0.015383673
0.031331446
-0.0023640157
-0.09451158
-0.015286398
-0.089147285
0.016278887
-0.09411468
-0.073718406
-0.005722785
0.060142446
-0.07960095
-0.017695213
0.01566472
0.09308541
0.06672507
0.04908624
0.020416547
0.048375536
0.098538876
0.06578982
0.02194767
0.007038808
0.06165233
-0.023159195
0.095937446
0.026488734
-0.09143434
-0.03864329
-0.07487946
0.06803937
0.019881273
-0.06932755
0.019829178
0.021145297
0.042932082
-0.042655874
0.024916101
0.034931492
-0.036708403
-0.06131339
-0.08125315
-0.06963008
-0.09208031
-0.015481091
-0.045162942
0.03663311
-0.03371961
-0.085074976
0.06122322
-0.0009956599
0.09040387
0.024930382
0.07620578
0.03641231
0.025075674
-0.08915706
-0.097983815
0.030198216
0.08193667
-0.015305901
0.07658797
-0.019347405
-0.009483242
-0.05473728
0.02962091
-0.018296933
0.03162093
0.028069545
0.0069963695
0.08855148
-0.04211242
0.03952966
0.06246648
-0.0007151127
-0.05533235
-0.07983818
0.08470788
-0.046209123
0.016358351
-0.07316744
-0.05166271
-0.062292434
0.021443654
-0.018596148
-0.072268985
-0.05131333
0.0018325805
0.013600469
0.0039596083
-0.0077622654
0.0492512
-0.08865955
-0.030527068
-0.07359958
-0.025679922
-0.079375885
0.09025426
0.01678443
-0.056469727
-0.08684351
0.06255918
0.03540349
0.00021939278
0.056470107
0.056151222
-0.096724465
0.020604754
0.09063917
-0.059420563
0.044271994
0.09238749
-0.056542613
-0.031654406
0.090581656
-0.016747547
0.052304983
-0.036118057
0.036545943
-0.014620853
-0.09961941
0.06841066
-0.09259286
0.07995613
-0.07963734
0.06765864
0.02528057
0.0937136
-0.03475306
-0.024001408
0.0004025221
0.059483197
0.068424225
-0.027025461
-0.084864736
-0.06624055
-0.026519323
0.048494603
0.015760828
0.027920818
0.091366224
-0.029953767
-0.06541207
-0.059821367
-0.043239523
-0.02792306
0.03543532
-0.029498339
0.06619122
0.02364478
0.088262536
0.03877156
-0.03453944
0.005531764
0.06913586
-0.033243585
-0.016758775
-0.06790955
0.045347836
0.088223316
0.0916476
0.08157351
0.053120017
-0.038942266
-0.03744967
0.023553109
0.017010856
0.027995205
-0.09835627
0.017511725
0.025701165
-0.049925137
0.047565985
-0.07337246
0.031535245
